Número da Execução: 1
Custo da Solução: 230.074
Score da Solução: 485
Qualidade da Solução: 254.926
Tempo Gasto: 8675
Vertices da Solução: H0-30-21-53-41-62-H7-29-24-90-33-H6-55-94-65-51-79-76-37-H12-52-84-47-78-61-71-64-H6-35-75-97-25-73-83-H11-58-45-40-98-H1
Coordenadas dos Vertices da Solução: (18.19,6.32)(16.71,9.5)(18.43,29.93)(22.69,23.13)(20.5,25.33)(19.68,25.62)(18.43,29.93)(17.54,29.43)(2.41,25.06)(3.08,21.03)(11.62,24)(2.75,25.4)(7,21.44)(1.57,19.84)(1.04,13.47)(0.3,9.16)(6.48,2.46)(4.46,7.85)(3.77,7.84)(0.3,9.16)(0.45,23.35)(0.2,24.8)(2.75,25.4)(6.82,21.1)(4.31,23.12)(6.52,19.42)(7.14,25.9)(2.75,25.4)(3.54,26.16)(22.54,18.26)(20.49,13.59)(18.41,11.88)(21.48,10.3)(17.02,12.33)(20.49,14.03)(22.78,15.42)(20.49,14.03)(1.32,19.32)(3.3,17.86)(2.38,18.26)
__________________________________
Número da Execução: 2
Custo da Solução: 223.631
Score da Solução: 527
Qualidade da Solução: 303.369
Tempo Gasto: 7300
Vertices da Solução: H0-43-58-73-83-95-H15-67-93-88-69-75-45-97-53-H5-99-72-26-50-59-H10-57-66-76-34-79-H14-30-63-46-19-25-H10-23-39-40-94-H1
Coordenadas dos Vertices da Solução: (18.19,6.32)(27.5,17.66)(22.78,15.42)(21.48,10.3)(17.02,12.33)(19.01,14.36)(22.85,14.85)(23.49,17.75)(26.93,13.06)(27.22,11.98)(22.85,14.85)(22.54,18.26)(20.49,14.03)(20.49,13.59)(22.69,23.13)(26.85,25.82)(28.72,20.92)(26.85,25.82)(14.91,17.24)(13.57,9.41)(13.51,8.05)(15.88,5.54)(19.6,2.11)(17.46,2.56)(4.46,7.85)(10.24,3.02)(6.48,2.46)(16.32,3.73)(16.71,9.5)(16.32,3.73)(20.9,7.67)(16.93,2.09)(18.41,11.88)(15.88,5.54)(14.78,7.61)(15.88,5.54)(1.32,19.32)(1.57,19.84)(2.38,18.26)
__________________________________
Número da Execução: 3
Custo da Solução: 230.955
Score da Solução: 503
Qualidade da Solução: 272.045
Tempo Gasto: 6374
Vertices da Solução: H0-57-72-99-H5-25-97-83-68-H11-73-75-45-93-58-69-H14-19-63-95-23-26-H10-30-50-39-34-66-80-H4-89-46-40-94-H1
Coordenadas dos Vertices da Solução: (18.19,6.32)(19.6,2.11)(26.85,25.82)(28.72,20.92)(26.85,25.82)(18.41,11.88)(20.49,13.59)(17.02,12.33)(11.96,15.15)(20.49,14.03)(21.48,10.3)(22.54,18.26)(20.49,14.03)(26.93,13.06)(22.78,15.42)(22.85,14.85)(16.32,3.73)(16.93,2.09)(16.32,3.73)(19.01,14.36)(14.78,7.61)(14.91,17.24)(15.88,5.54)(16.71,9.5)(13.57,9.41)(15.88,5.54)(10.24,3.02)(17.46,2.56)(26.7,3.44)(20.9,7.67)(22.05,7.74)(20.9,7.67)(1.32,19.32)(1.57,19.84)(2.38,18.26)
__________________________________
Número da Execução: 4
Custo da Solução: 228.637
Score da Solução: 532
Qualidade da Solução: 303.363
Tempo Gasto: 7690
Vertices da Solução: H0-30-21-53-41-62-H7-29-55-24-52-90-78-H6-35-84-47-64-61-71-77-H5-99-72-23-34-H14-66-63-57-39-19-H8-87-33-91-28-38-94-40-H1
Coordenadas dos Vertices da Solução: (18.19,6.32)(16.71,9.5)(18.43,29.93)(22.69,23.13)(20.5,25.33)(19.68,25.62)(18.43,29.93)(17.54,29.43)(7,21.44)(2.41,25.06)(0.45,23.35)(3.08,21.03)(6.82,21.1)(2.75,25.4)(3.54,26.16)(0.2,24.8)(2.75,25.4)(7.14,25.9)(4.31,23.12)(6.52,19.42)(21.61,23.16)(26.85,25.82)(28.72,20.92)(26.85,25.82)(14.78,7.61)(10.24,3.02)(16.32,3.73)(17.46,2.56)(16.32,3.73)(19.6,2.11)(15.88,5.54)(16.93,2.09)(13.44,24.76)(14.25,23.83)(11.62,24)(12.66,26.02)(13.44,24.76)(14.2,19.64)(1.57,19.84)(1.32,19.32)(2.38,18.26)
__________________________________
Número da Execução: 5
Custo da Solução: 226.642
Score da Solução: 558
Qualidade da Solução: 331.358
Tempo Gasto: 7750
Vertices da Solução: H0-30-21-77-41-62-H7-17-29-44-58-88-93-43-67-H15-95-45-97-69-73-75-53-91-31-H9-64-33-25-23-83-H14-66-63-19-39-82-57-87-H8-38-28-92-H1
Coordenadas dos Vertices da Solução: (18.19,6.32)(16.71,9.5)(18.43,29.93)(21.61,23.16)(20.5,25.33)(19.68,25.62)(18.43,29.93)(15.52,28.03)(17.54,29.43)(19.41,20.67)(22.78,15.42)(27.22,11.98)(26.93,13.06)(27.5,17.66)(23.49,17.75)(22.85,14.85)(19.01,14.36)(20.49,14.03)(20.49,13.59)(22.85,14.85)(21.48,10.3)(22.54,18.26)(22.69,23.13)(12.66,26.02)(12.38,26.66)(11.62,24)(7.14,25.9)(11.62,24)(18.41,11.88)(14.78,7.61)(17.02,12.33)(16.32,3.73)(17.46,2.56)(16.32,3.73)(16.93,2.09)(15.88,5.54)(20.3,3.86)(19.6,2.11)(14.25,23.83)(13.44,24.76)(14.2,19.64)(13.44,24.76)(3.69,14.33)(2.38,18.26)
__________________________________
Número da Execução: 6
Custo da Solução: 227.122
Score da Solução: 556
Qualidade da Solução: 328.878
Tempo Gasto: 8334
Vertices da Solução: H0-66-19-69-32-93-88-H15-95-51-86-76-37-H12-36-44-54-75-67-45-97-H16-43-58-25-46-83-73-39-H4-30-24-64-35-52-H6-61-71-47-90-40-94-H1
Coordenadas dos Vertices da Solução: (18.19,6.32)(17.46,2.56)(16.93,2.09)(22.85,14.85)(25.69,6.34)(26.93,13.06)(27.22,11.98)(22.85,14.85)(19.01,14.36)(0.3,9.16)(1.88,3.33)(4.46,7.85)(3.77,7.84)(0.3,9.16)(17.86,19.36)(19.41,20.67)(19.12,20.2)(22.54,18.26)(23.49,17.75)(20.49,14.03)(20.49,13.59)(22.54,18.26)(27.5,17.66)(22.78,15.42)(18.41,11.88)(20.9,7.67)(17.02,12.33)(21.48,10.3)(15.88,5.54)(20.9,7.67)(16.71,9.5)(2.41,25.06)(7.14,25.9)(3.54,26.16)(0.45,23.35)(2.75,25.4)(4.31,23.12)(6.52,19.42)(2.75,25.4)(3.08,21.03)(1.32,19.32)(1.57,19.84)(2.38,18.26)
__________________________________
Número da Execução: 7
Custo da Solução: 217.418
Score da Solução: 514
Qualidade da Solução: 296.582
Tempo Gasto: 8011
Vertices da Solução: H0-30-33-61-64-55-78-H9-54-75-95-45-25-73-83-H11-97-21-77-41-44-H7-29-42-28-18-17-62-91-H8-36-38-96-58-88-93-43-67-H15-69-90-40-94-H1
Coordenadas dos Vertices da Solução: (18.19,6.32)(16.71,9.5)(11.62,24)(4.31,23.12)(7.14,25.9)(7,21.44)(6.82,21.1)(11.62,24)(19.12,20.2)(22.54,18.26)(19.01,14.36)(20.49,14.03)(18.41,11.88)(21.48,10.3)(17.02,12.33)(20.49,14.03)(20.49,13.59)(18.43,29.93)(21.61,23.16)(20.5,25.33)(19.41,20.67)(18.43,29.93)(17.54,29.43)(16.76,19.84)(13.44,24.76)(9,28.01)(15.52,28.03)(19.68,25.62)(12.66,26.02)(13.44,24.76)(17.86,19.36)(14.2,19.64)(14.24,18.8)(22.78,15.42)(27.22,11.98)(26.93,13.06)(27.5,17.66)(23.49,17.75)(22.85,14.85)(22.85,14.85)(3.08,21.03)(1.32,19.32)(1.57,19.84)(2.38,18.26)
__________________________________
Número da Execução: 8
Custo da Solução: 229.854
Score da Solução: 477
Qualidade da Solução: 247.146
Tempo Gasto: 8725
Vertices da Solução: H0-40-24-90-52-84-H6-35-47-71-61-94-H14-18-33-64-H8-21-17-91-28-36-38-96-85-H14-19-34-63-83-23-57-H10-66-39-30-98-H1
Coordenadas dos Vertices da Solução: (18.19,6.32)(1.32,19.32)(2.41,25.06)(3.08,21.03)(0.45,23.35)(0.2,24.8)(2.75,25.4)(3.54,26.16)(2.75,25.4)(6.52,19.42)(4.31,23.12)(1.57,19.84)(16.32,3.73)(9,28.01)(11.62,24)(7.14,25.9)(13.44,24.76)(18.43,29.93)(15.52,28.03)(12.66,26.02)(13.44,24.76)(17.86,19.36)(14.2,19.64)(14.24,18.8)(13.97,18.49)(16.32,3.73)(16.93,2.09)(10.24,3.02)(16.32,3.73)(17.02,12.33)(14.78,7.61)(19.6,2.11)(15.88,5.54)(17.46,2.56)(15.88,5.54)(16.71,9.5)(3.3,17.86)(2.38,18.26)
__________________________________
Número da Execução: 9
Custo da Solução: 229.48
Score da Solução: 519
Qualidade da Solução: 289.52
Tempo Gasto: 7268
Vertices da Solução: H0-30-47-71-61-35-H6-24-97-83-75-67-H11-95-73-25-45-93-58-69-H9-18-64-78-33-17-28-38-H7-41-21-29-39-H4-89-46-40-94-H1
Coordenadas dos Vertices da Solução: (18.19,6.32)(16.71,9.5)(2.75,25.4)(6.52,19.42)(4.31,23.12)(3.54,26.16)(2.75,25.4)(2.41,25.06)(20.49,13.59)(17.02,12.33)(22.54,18.26)(23.49,17.75)(20.49,14.03)(19.01,14.36)(21.48,10.3)(18.41,11.88)(20.49,14.03)(26.93,13.06)(22.78,15.42)(22.85,14.85)(11.62,24)(9,28.01)(7.14,25.9)(6.82,21.1)(11.62,24)(15.52,28.03)(13.44,24.76)(14.2,19.64)(18.43,29.93)(20.5,25.33)(18.43,29.93)(17.54,29.43)(15.88,5.54)(20.9,7.67)(22.05,7.74)(20.9,7.67)(1.32,19.32)(1.57,19.84)(2.38,18.26)
__________________________________
Número da Execução: 10
Custo da Solução: 227.48
Score da Solução: 569
Qualidade da Solução: 341.52
Tempo Gasto: 8649
Vertices da Solução: H0-94-24-90-84-H6-35-52-47-64-61-71-H14-19-67-58-88-93-43-H15-83-45-97-69-36-75-44-54-89-H4-95-30-73-46-25-23-39-57-H14-66-63-40-98-H1
Coordenadas dos Vertices da Solução: (18.19,6.32)(1.57,19.84)(2.41,25.06)(3.08,21.03)(0.2,24.8)(2.75,25.4)(3.54,26.16)(0.45,23.35)(2.75,25.4)(7.14,25.9)(4.31,23.12)(6.52,19.42)(16.32,3.73)(16.93,2.09)(23.49,17.75)(22.78,15.42)(27.22,11.98)(26.93,13.06)(27.5,17.66)(22.85,14.85)(17.02,12.33)(20.49,14.03)(20.49,13.59)(22.85,14.85)(17.86,19.36)(22.54,18.26)(19.41,20.67)(19.12,20.2)(22.05,7.74)(20.9,7.67)(19.01,14.36)(16.71,9.5)(21.48,10.3)(20.9,7.67)(18.41,11.88)(14.78,7.61)(15.88,5.54)(19.6,2.11)(16.32,3.73)(17.46,2.56)(16.32,3.73)(1.32,19.32)(3.3,17.86)(2.38,18.26)
__________________________________
