Número da Execução: 1
Custo da Solução: 128.866
Score da Solução: 237
Qualidade da Solução: 108.134
Tempo Gasto: 5502
Vertices da Solução: H0-95-97-58-H6-45-H9-61-H13-91-28-81-H9-18-64-55-78-H13-40-H10-H11-22-H13-33-94-H10-90-H1
Coordenadas dos Vertices da Solução: (18.19,6.32)(19.01,14.36)(20.49,13.59)(22.78,15.42)(20.49,14.03)(20.49,14.03)(7.14,25.9)(4.31,23.12)(11.62,24)(12.66,26.02)(13.44,24.76)(7.03,28.12)(7.14,25.9)(9,28.01)(7.14,25.9)(7,21.44)(6.82,21.1)(11.62,24)(1.32,19.32)(3.08,21.03)(3.94,10.77)(3.94,10.77)(11.62,24)(11.62,24)(1.57,19.84)(3.08,21.03)(3.08,21.03)(2.38,18.26)
__________________________________
Número da Execução: 2
Custo da Solução: 129.581
Score da Solução: 208
Qualidade da Solução: 78.4194
Tempo Gasto: 7329
Vertices da Solução: H0-48-H7-36-42-18-81-H9-35-64-61-H10-60-H16-92-65-H11-H14-39-H16-37-51-76-H11-22-98-40-94-H10-90-H1
Coordenadas dos Vertices da Solução: (18.19,6.32)(16.1,19.74)(16.76,19.84)(17.86,19.36)(16.76,19.84)(9,28.01)(7.03,28.12)(7.14,25.9)(3.54,26.16)(7.14,25.9)(4.31,23.12)(3.08,21.03)(0.51,11.06)(0.3,9.16)(3.69,14.33)(1.04,13.47)(3.94,10.77)(15.88,5.54)(15.88,5.54)(0.3,9.16)(3.77,7.84)(0.3,9.16)(4.46,7.85)(3.94,10.77)(3.94,10.77)(3.3,17.86)(1.32,19.32)(1.57,19.84)(3.08,21.03)(3.08,21.03)(2.38,18.26)
__________________________________
Número da Execução: 3
Custo da Solução: 135.046
Score da Solução: 352
Qualidade da Solução: 216.954
Tempo Gasto: 8170
Vertices da Solução: H0-95-97-58-H6-45-44-41-62-H8-29-21-17-28-91-31-H13-33-H11-92-65-H16-60-51-76-37-H11-H9-64-H11-22-98-40-94-61-H10-90-H1
Coordenadas dos Vertices da Solução: (18.19,6.32)(19.01,14.36)(20.49,13.59)(22.78,15.42)(20.49,14.03)(20.49,14.03)(19.41,20.67)(20.5,25.33)(19.68,25.62)(18.43,29.93)(17.54,29.43)(18.43,29.93)(15.52,28.03)(13.44,24.76)(12.66,26.02)(12.38,26.66)(11.62,24)(11.62,24)(3.94,10.77)(3.69,14.33)(1.04,13.47)(0.3,9.16)(0.51,11.06)(0.3,9.16)(4.46,7.85)(3.77,7.84)(3.94,10.77)(7.14,25.9)(7.14,25.9)(3.94,10.77)(3.94,10.77)(3.3,17.86)(1.32,19.32)(1.57,19.84)(4.31,23.12)(3.08,21.03)(3.08,21.03)(2.38,18.26)
__________________________________
Número da Execução: 4
Custo da Solução: 141.362
Score da Solução: 334
Qualidade da Solução: 192.638
Tempo Gasto: 7375
Vertices da Solução: H0-80-74-56-H4-45-95-H6-97-43-99-H5-73-46-89-H15-48-36-H7-42-18-H9-64-H11-22-H13-33-98-40-94-H10-90-H1
Coordenadas dos Vertices da Solução: (18.19,6.32)(26.7,3.44)(29.08,2.62)(28.88,0.86)(29.08,2.62)(20.49,14.03)(19.01,14.36)(20.49,14.03)(20.49,13.59)(27.5,17.66)(28.72,20.92)(27.5,17.66)(21.48,10.3)(20.9,7.67)(22.05,7.74)(20.9,7.67)(16.1,19.74)(17.86,19.36)(16.76,19.84)(16.76,19.84)(9,28.01)(7.14,25.9)(7.14,25.9)(3.94,10.77)(3.94,10.77)(11.62,24)(11.62,24)(3.3,17.86)(1.32,19.32)(1.57,19.84)(3.08,21.03)(3.08,21.03)(2.38,18.26)
__________________________________
Número da Execução: 5
Custo da Solução: 135.795
Score da Solução: 304
Qualidade da Solução: 168.205
Tempo Gasto: 7212
Vertices da Solução: H0-36-H7-43-99-H5-97-83-H6-46-89-H15-73-45-58-69-95-H6-48-26-H7-42-H11-22-H9-18-64-40-94-H10-90-H1
Coordenadas dos Vertices da Solução: (18.19,6.32)(17.86,19.36)(16.76,19.84)(27.5,17.66)(28.72,20.92)(27.5,17.66)(20.49,13.59)(17.02,12.33)(20.49,14.03)(20.9,7.67)(22.05,7.74)(20.9,7.67)(21.48,10.3)(20.49,14.03)(22.78,15.42)(22.85,14.85)(19.01,14.36)(20.49,14.03)(16.1,19.74)(14.91,17.24)(16.76,19.84)(16.76,19.84)(3.94,10.77)(3.94,10.77)(7.14,25.9)(9,28.01)(7.14,25.9)(1.32,19.32)(1.57,19.84)(3.08,21.03)(3.08,21.03)(2.38,18.26)
__________________________________
Número da Execução: 6
Custo da Solução: 123.132
Score da Solução: 222
Qualidade da Solução: 98.8682
Tempo Gasto: 6427
Vertices da Solução: H0-34-H12-63-66-19-H14-39-H12-22-H16-79-H12-60-H16-76-86-H12-27-37-H16-51-98-40-94-H10-90-H1
Coordenadas dos Vertices da Solução: (18.19,6.32)(10.24,3.02)(7.14,0.48)(16.32,3.73)(17.46,2.56)(16.93,2.09)(15.88,5.54)(15.88,5.54)(7.14,0.48)(3.94,10.77)(0.3,9.16)(6.48,2.46)(7.14,0.48)(0.51,11.06)(0.3,9.16)(4.46,7.85)(1.88,3.33)(7.14,0.48)(7.14,0.48)(3.77,7.84)(0.3,9.16)(0.3,9.16)(3.3,17.86)(1.32,19.32)(1.57,19.84)(3.08,21.03)(3.08,21.03)(2.38,18.26)
__________________________________
Número da Execução: 7
Custo da Solução: 133.378
Score da Solução: 268
Qualidade da Solução: 134.622
Tempo Gasto: 6462
Vertices da Solução: H0-79-H12-63-66-19-H14-80-H4-74-73-89-H15-27-H12-39-23-H14-46-30-H15-48-H7-42-H10-90-H1
Coordenadas dos Vertices da Solução: (18.19,6.32)(6.48,2.46)(7.14,0.48)(16.32,3.73)(17.46,2.56)(16.93,2.09)(15.88,5.54)(26.7,3.44)(29.08,2.62)(29.08,2.62)(21.48,10.3)(22.05,7.74)(20.9,7.67)(7.14,0.48)(7.14,0.48)(15.88,5.54)(14.78,7.61)(15.88,5.54)(20.9,7.67)(16.71,9.5)(20.9,7.67)(16.1,19.74)(16.76,19.84)(16.76,19.84)(3.08,21.03)(3.08,21.03)(2.38,18.26)
__________________________________
Número da Execução: 8
Custo da Solução: 138.446
Score da Solução: 429
Qualidade da Solução: 290.554
Tempo Gasto: 7950
Vertices da Solução: H0-57-66-19-H15-46-36-44-54-H7-H14-45-58-H6-97-39-23-H14-48-H7-42-38-96-85-H8-29-21-17-28-91-31-H13-33-98-40-94-H10-90-H1
Coordenadas dos Vertices da Solução: (18.19,6.32)(19.6,2.11)(17.46,2.56)(16.93,2.09)(20.9,7.67)(20.9,7.67)(17.86,19.36)(19.41,20.67)(19.12,20.2)(16.76,19.84)(15.88,5.54)(20.49,14.03)(22.78,15.42)(20.49,14.03)(20.49,13.59)(15.88,5.54)(14.78,7.61)(15.88,5.54)(16.1,19.74)(16.76,19.84)(16.76,19.84)(14.2,19.64)(14.24,18.8)(13.97,18.49)(18.43,29.93)(17.54,29.43)(18.43,29.93)(15.52,28.03)(13.44,24.76)(12.66,26.02)(12.38,26.66)(11.62,24)(11.62,24)(3.3,17.86)(1.32,19.32)(1.57,19.84)(3.08,21.03)(3.08,21.03)(2.38,18.26)
__________________________________
Número da Execução: 9
Custo da Solução: 139.894
Score da Solução: 191
Qualidade da Solução: 51.1056
Tempo Gasto: 6272
Vertices da Solução: H0-H11-86-60-H16-92-76-H11-22-H13-33-98-40-94-H10-51-H16-39-H14-48-H7-42-61-H10-90-H1
Coordenadas dos Vertices da Solução: (18.19,6.32)(3.94,10.77)(1.88,3.33)(0.51,11.06)(0.3,9.16)(3.69,14.33)(4.46,7.85)(3.94,10.77)(3.94,10.77)(11.62,24)(11.62,24)(3.3,17.86)(1.32,19.32)(1.57,19.84)(3.08,21.03)(0.3,9.16)(0.3,9.16)(15.88,5.54)(15.88,5.54)(16.1,19.74)(16.76,19.84)(16.76,19.84)(4.31,23.12)(3.08,21.03)(3.08,21.03)(2.38,18.26)
__________________________________
Número da Execução: 10
Custo da Solução: 138.072
Score da Solução: 342
Qualidade da Solução: 203.928
Tempo Gasto: 7201
Vertices da Solução: H0-H5-43-83-25-H6-74-H4-82-46-89-H15-73-97-58-69-95-H6-45-H13-28-35-H9-81-64-61-H13-33-98-40-94-H10-90-H1
Coordenadas dos Vertices da Solução: (18.19,6.32)(27.5,17.66)(27.5,17.66)(17.02,12.33)(18.41,11.88)(20.49,14.03)(29.08,2.62)(29.08,2.62)(20.3,3.86)(20.9,7.67)(22.05,7.74)(20.9,7.67)(21.48,10.3)(20.49,13.59)(22.78,15.42)(22.85,14.85)(19.01,14.36)(20.49,14.03)(20.49,14.03)(11.62,24)(13.44,24.76)(3.54,26.16)(7.14,25.9)(7.03,28.12)(7.14,25.9)(4.31,23.12)(11.62,24)(11.62,24)(3.3,17.86)(1.32,19.32)(1.57,19.84)(3.08,21.03)(3.08,21.03)(2.38,18.26)
__________________________________
