Número da Execução: 1
Custo da Solução: 230.571
Score da Solução: 527
Qualidade da Solução: 296.429
Tempo Gasto: 8087
Vertices da Solução: H0-66-30-65-51-92-76-37-H11-54-75-41-44-53-H15-25-39-97-26-83-23-H10-89-73-95-45-93-58-69-34-H7-79-27-61-40-94-90-H1
Coordenadas dos Vertices da Solução: (18.19,6.32)(17.46,2.56)(16.71,9.5)(1.04,13.47)(0.3,9.16)(3.69,14.33)(4.46,7.85)(3.77,7.84)(0.3,9.16)(19.12,20.2)(22.54,18.26)(20.5,25.33)(19.41,20.67)(22.69,23.13)(22.54,18.26)(18.41,11.88)(15.88,5.54)(20.49,13.59)(14.91,17.24)(17.02,12.33)(14.78,7.61)(20.49,14.03)(22.05,7.74)(21.48,10.3)(19.01,14.36)(20.49,14.03)(26.93,13.06)(22.78,15.42)(22.85,14.85)(10.24,3.02)(7.14,0.48)(6.48,2.46)(7.14,0.48)(4.31,23.12)(1.32,19.32)(1.57,19.84)(3.08,21.03)(2.38,18.26)
__________________________________
Número da Execução: 2
Custo da Solução: 234.931
Score da Solução: 509
Qualidade da Solução: 274.069
Tempo Gasto: 8435
Vertices da Solução: H0-57-89-23-25-39-50-H8-64-87-29-31-17-44-54-H6-77-41-62-21-73-30-83-H13-19-82-63-34-66-78-55-H8-91-28-18-33-38-40-94-90-H1
Coordenadas dos Vertices da Solução: (18.19,6.32)(19.6,2.11)(22.05,7.74)(14.78,7.61)(18.41,11.88)(15.88,5.54)(13.57,9.41)(11.62,24)(7.14,25.9)(14.25,23.83)(17.54,29.43)(12.38,26.66)(15.52,28.03)(19.41,20.67)(19.12,20.2)(18.43,29.93)(21.61,23.16)(20.5,25.33)(19.68,25.62)(18.43,29.93)(21.48,10.3)(16.71,9.5)(17.02,12.33)(16.32,3.73)(16.93,2.09)(20.3,3.86)(16.32,3.73)(10.24,3.02)(17.46,2.56)(6.82,21.1)(7,21.44)(11.62,24)(12.66,26.02)(13.44,24.76)(9,28.01)(11.62,24)(14.2,19.64)(1.32,19.32)(1.57,19.84)(3.08,21.03)(2.38,18.26)
__________________________________
Número da Execução: 3
Custo da Solução: 226.599
Score da Solução: 568
Qualidade da Solução: 341.401
Tempo Gasto: 8599
Vertices da Solução: H0-30-93-70-43-99-67-H4-28-18-35-90-H5-38-33-54-58-88-73-25-H14-83-45-97-69-95-75-36-44-78-H16-64-24-47-81-61-40-94-55-71-98-H1
Coordenadas dos Vertices da Solução: (18.19,6.32)(16.71,9.5)(26.93,13.06)(28.47,6.08)(27.5,17.66)(28.72,20.92)(23.49,17.75)(26.93,13.06)(13.44,24.76)(9,28.01)(3.54,26.16)(3.08,21.03)(9,28.01)(14.2,19.64)(11.62,24)(19.12,20.2)(22.78,15.42)(27.22,11.98)(21.48,10.3)(18.41,11.88)(22.85,14.85)(17.02,12.33)(20.49,14.03)(20.49,13.59)(22.85,14.85)(19.01,14.36)(22.54,18.26)(17.86,19.36)(19.41,20.67)(6.82,21.1)(7.03,28.12)(7.14,25.9)(2.41,25.06)(2.75,25.4)(7.03,28.12)(4.31,23.12)(1.32,19.32)(1.57,19.84)(7,21.44)(6.52,19.42)(3.3,17.86)(2.38,18.26)
__________________________________
Número da Execução: 4
Custo da Solução: 229.172
Score da Solução: 508
Qualidade da Solução: 278.828
Tempo Gasto: 7074
Vertices da Solução: H0-30-68-57-89-19-39-63-H12-66-58-50-25-26-H14-88-36-69-23-73-95-H15-53-44-54-75-83-45-97-70-H4-43-93-40-H1
Coordenadas dos Vertices da Solução: (18.19,6.32)(16.71,9.5)(11.96,15.15)(19.6,2.11)(22.05,7.74)(16.93,2.09)(15.88,5.54)(16.32,3.73)(19.6,2.11)(17.46,2.56)(22.78,15.42)(13.57,9.41)(18.41,11.88)(14.91,17.24)(22.85,14.85)(27.22,11.98)(17.86,19.36)(22.85,14.85)(14.78,7.61)(21.48,10.3)(19.01,14.36)(22.54,18.26)(22.69,23.13)(19.41,20.67)(19.12,20.2)(22.54,18.26)(17.02,12.33)(20.49,14.03)(20.49,13.59)(28.47,6.08)(26.93,13.06)(27.5,17.66)(26.93,13.06)(1.32,19.32)(2.38,18.26)
__________________________________
Número da Execução: 5
Custo da Solução: 224.934
Score da Solução: 575
Qualidade da Solução: 350.066
Tempo Gasto: 8264
Vertices da Solução: H0-19-27-49-34-86-H7-79-67-58-89-73-95-H14-75-93-88-69-43-45-97-26-68-59-H9-50-23-57-39-25-30-83-46-82-H13-66-63-61-40-94-90-H1
Coordenadas dos Vertices da Solução: (18.19,6.32)(16.93,2.09)(7.14,0.48)(0.43,1.12)(10.24,3.02)(1.88,3.33)(7.14,0.48)(6.48,2.46)(23.49,17.75)(22.78,15.42)(22.05,7.74)(21.48,10.3)(19.01,14.36)(22.85,14.85)(22.54,18.26)(26.93,13.06)(27.22,11.98)(22.85,14.85)(27.5,17.66)(20.49,14.03)(20.49,13.59)(14.91,17.24)(11.96,15.15)(13.51,8.05)(15.88,5.54)(13.57,9.41)(14.78,7.61)(19.6,2.11)(15.88,5.54)(18.41,11.88)(16.71,9.5)(17.02,12.33)(20.9,7.67)(20.3,3.86)(16.32,3.73)(17.46,2.56)(16.32,3.73)(4.31,23.12)(1.32,19.32)(1.57,19.84)(3.08,21.03)(2.38,18.26)
__________________________________
Número da Execução: 6
Custo da Solução: 231.069
Score da Solução: 601
Qualidade da Solução: 369.931
Tempo Gasto: 7343
Vertices da Solução: H0-66-23-95-30-39-83-26-36-H15-93-67-58-88-69-73-H7-86-79-34-27-96-54-42-H15-41-44-53-75-43-45-97-H8-17-28-38-33-64-40-94-H1
Coordenadas dos Vertices da Solução: (18.19,6.32)(17.46,2.56)(14.78,7.61)(19.01,14.36)(16.71,9.5)(15.88,5.54)(17.02,12.33)(14.91,17.24)(17.86,19.36)(22.54,18.26)(26.93,13.06)(23.49,17.75)(22.78,15.42)(27.22,11.98)(22.85,14.85)(21.48,10.3)(7.14,0.48)(1.88,3.33)(6.48,2.46)(10.24,3.02)(7.14,0.48)(14.24,18.8)(19.12,20.2)(16.76,19.84)(22.54,18.26)(20.5,25.33)(19.41,20.67)(22.69,23.13)(22.54,18.26)(27.5,17.66)(20.49,14.03)(20.49,13.59)(11.62,24)(15.52,28.03)(13.44,24.76)(14.2,19.64)(11.62,24)(7.14,25.9)(1.32,19.32)(1.57,19.84)(2.38,18.26)
__________________________________
Número da Execução: 7
Custo da Solução: 231.062
Score da Solução: 508
Qualidade da Solução: 276.938
Tempo Gasto: 7145
Vertices da Solução: H0-30-29-91-17-53-H6-41-62-21-61-64-35-24-47-H8-55-28-18-33-38-39-57-H13-66-34-63-23-19-43-H4-58-93-40-H1
Coordenadas dos Vertices da Solução: (18.19,6.32)(16.71,9.5)(17.54,29.43)(12.66,26.02)(15.52,28.03)(22.69,23.13)(18.43,29.93)(20.5,25.33)(19.68,25.62)(18.43,29.93)(4.31,23.12)(7.14,25.9)(3.54,26.16)(2.41,25.06)(2.75,25.4)(11.62,24)(7,21.44)(13.44,24.76)(9,28.01)(11.62,24)(14.2,19.64)(15.88,5.54)(19.6,2.11)(16.32,3.73)(17.46,2.56)(10.24,3.02)(16.32,3.73)(14.78,7.61)(16.93,2.09)(27.5,17.66)(26.93,13.06)(22.78,15.42)(26.93,13.06)(1.32,19.32)(2.38,18.26)
__________________________________
Número da Execução: 8
Custo da Solução: 235.299
Score da Solução: 595
Qualidade da Solução: 359.701
Tempo Gasto: 7862
Vertices da Solução: H0-19-67-58-95-73-44-54-H14-75-45-97-69-83-88-70-89-H4-43-93-34-23-25-50-H9-30-39-46-66-57-H6-29-41-21-61-40-94-90-H1
Coordenadas dos Vertices da Solução: (18.19,6.32)(16.93,2.09)(23.49,17.75)(22.78,15.42)(19.01,14.36)(21.48,10.3)(19.41,20.67)(19.12,20.2)(22.85,14.85)(22.54,18.26)(20.49,14.03)(20.49,13.59)(22.85,14.85)(17.02,12.33)(27.22,11.98)(28.47,6.08)(22.05,7.74)(26.93,13.06)(27.5,17.66)(26.93,13.06)(10.24,3.02)(14.78,7.61)(18.41,11.88)(13.57,9.41)(15.88,5.54)(16.71,9.5)(15.88,5.54)(20.9,7.67)(17.46,2.56)(19.6,2.11)(18.43,29.93)(17.54,29.43)(20.5,25.33)(18.43,29.93)(4.31,23.12)(1.32,19.32)(1.57,19.84)(3.08,21.03)(2.38,18.26)
__________________________________
Número da Execução: 9
Custo da Solução: 233.575
Score da Solução: 494
Qualidade da Solução: 260.425
Tempo Gasto: 8057
Vertices da Solução: H0-59-23-83-30-73-50-64-H8-28-33-18-80-82-H12-63-19-46-57-89-66-39-22-H11-60-76-37-51-53-44-54-36-H15-67-58-69-75-45-40-94-98-H1
Coordenadas dos Vertices da Solução: (18.19,6.32)(13.51,8.05)(14.78,7.61)(17.02,12.33)(16.71,9.5)(21.48,10.3)(13.57,9.41)(7.14,25.9)(11.62,24)(13.44,24.76)(11.62,24)(9,28.01)(26.7,3.44)(20.3,3.86)(19.6,2.11)(16.32,3.73)(16.93,2.09)(20.9,7.67)(19.6,2.11)(22.05,7.74)(17.46,2.56)(15.88,5.54)(3.94,10.77)(0.3,9.16)(0.51,11.06)(4.46,7.85)(3.77,7.84)(0.3,9.16)(22.69,23.13)(19.41,20.67)(19.12,20.2)(17.86,19.36)(22.54,18.26)(23.49,17.75)(22.78,15.42)(22.85,14.85)(22.54,18.26)(20.49,14.03)(1.32,19.32)(1.57,19.84)(3.3,17.86)(2.38,18.26)
__________________________________
Número da Execução: 10
Custo da Solução: 222.996
Score da Solução: 579
Qualidade da Solução: 356.004
Tempo Gasto: 7372
Vertices da Solução: H0-66-50-30-19-39-23-H5-91-28-42-21-44-41-62-H6-17-29-75-97-68-83-26-H10-95-73-25-45-93-58-69-64-H5-33-38-18-71-40-94-H1
Coordenadas dos Vertices da Solução: (18.19,6.32)(17.46,2.56)(13.57,9.41)(16.71,9.5)(16.93,2.09)(15.88,5.54)(14.78,7.61)(9,28.01)(12.66,26.02)(13.44,24.76)(16.76,19.84)(18.43,29.93)(19.41,20.67)(20.5,25.33)(19.68,25.62)(18.43,29.93)(15.52,28.03)(17.54,29.43)(22.54,18.26)(20.49,13.59)(11.96,15.15)(17.02,12.33)(14.91,17.24)(20.49,14.03)(19.01,14.36)(21.48,10.3)(18.41,11.88)(20.49,14.03)(26.93,13.06)(22.78,15.42)(22.85,14.85)(7.14,25.9)(9,28.01)(11.62,24)(14.2,19.64)(9,28.01)(6.52,19.42)(1.32,19.32)(1.57,19.84)(2.38,18.26)
__________________________________
