Número da Execução: 1
Custo da Solução: 227.136
Score da Solução: 603
Qualidade da Solução: 375.864
Tempo Gasto: 8911
Vertices da Solução: H0-63-23-26-30-96-83-68-H13-95-73-50-57-34-19-46-82-H11-89-66-39-58-88-93-43-36-44-54-H13-25-45-97-69-71-90-40-24-94-61-H1
Coordenadas dos Vertices da Solução: (18.19,6.32)(16.32,3.73)(14.78,7.61)(14.91,17.24)(16.71,9.5)(14.24,18.8)(17.02,12.33)(11.96,15.15)(22.85,14.85)(19.01,14.36)(21.48,10.3)(13.57,9.41)(19.6,2.11)(10.24,3.02)(16.93,2.09)(20.9,7.67)(20.3,3.86)(19.6,2.11)(22.05,7.74)(17.46,2.56)(15.88,5.54)(22.78,15.42)(27.22,11.98)(26.93,13.06)(27.5,17.66)(17.86,19.36)(19.41,20.67)(19.12,20.2)(22.85,14.85)(18.41,11.88)(20.49,14.03)(20.49,13.59)(22.85,14.85)(6.52,19.42)(3.08,21.03)(1.32,19.32)(2.41,25.06)(1.57,19.84)(4.31,23.12)(2.38,18.26)
__________________________________
Número da Execução: 2
Custo da Solução: 233.276
Score da Solução: 587
Qualidade da Solução: 353.724
Tempo Gasto: 8676
Vertices da Solução: H0-50-30-95-22-79-76-37-65-60-H5-51-92-25-58-43-93-88-44-54-75-67-H13-83-45-97-69-73-19-70-89-80-H11-23-66-39-57-61-40-94-H1
Coordenadas dos Vertices da Solução: (18.19,6.32)(13.57,9.41)(16.71,9.5)(19.01,14.36)(3.94,10.77)(6.48,2.46)(4.46,7.85)(3.77,7.84)(1.04,13.47)(0.51,11.06)(3.94,10.77)(0.3,9.16)(3.69,14.33)(18.41,11.88)(22.78,15.42)(27.5,17.66)(26.93,13.06)(27.22,11.98)(19.41,20.67)(19.12,20.2)(22.54,18.26)(23.49,17.75)(22.85,14.85)(17.02,12.33)(20.49,14.03)(20.49,13.59)(22.85,14.85)(21.48,10.3)(16.93,2.09)(28.47,6.08)(22.05,7.74)(26.7,3.44)(19.6,2.11)(14.78,7.61)(17.46,2.56)(15.88,5.54)(19.6,2.11)(4.31,23.12)(1.32,19.32)(1.57,19.84)(2.38,18.26)
__________________________________
Número da Execução: 3
Custo da Solução: 227.306
Score da Solução: 596
Qualidade da Solução: 368.694
Tempo Gasto: 8612
Vertices da Solução: H0-66-30-39-58-44-73-25-67-H13-43-93-88-69-83-23-45-75-97-95-H16-96-28-42-87-38-33-18-64-65-H10-79-76-37-60-51-92-71-98-40-90-94-61-H1
Coordenadas dos Vertices da Solução: (18.19,6.32)(17.46,2.56)(16.71,9.5)(15.88,5.54)(22.78,15.42)(19.41,20.67)(21.48,10.3)(18.41,11.88)(23.49,17.75)(22.85,14.85)(27.5,17.66)(26.93,13.06)(27.22,11.98)(22.85,14.85)(17.02,12.33)(14.78,7.61)(20.49,14.03)(22.54,18.26)(20.49,13.59)(19.01,14.36)(14.25,23.83)(14.24,18.8)(13.44,24.76)(16.76,19.84)(14.25,23.83)(14.2,19.64)(11.62,24)(9,28.01)(7.14,25.9)(1.04,13.47)(0.3,9.16)(6.48,2.46)(4.46,7.85)(3.77,7.84)(0.51,11.06)(0.3,9.16)(3.69,14.33)(6.52,19.42)(3.3,17.86)(1.32,19.32)(3.08,21.03)(1.57,19.84)(4.31,23.12)(2.38,18.26)
__________________________________
Número da Execução: 4
Custo da Solução: 232.101
Score da Solução: 565
Qualidade da Solução: 332.899
Tempo Gasto: 7970
Vertices da Solução: H0-50-30-68-57-46-19-89-82-H11-39-66-23-69-70-32-88-67-75-54-H13-44-93-26-97-36-73-95-H9-43-58-25-45-83-40-94-61-90-H1
Coordenadas dos Vertices da Solução: (18.19,6.32)(13.57,9.41)(16.71,9.5)(11.96,15.15)(19.6,2.11)(20.9,7.67)(16.93,2.09)(22.05,7.74)(20.3,3.86)(19.6,2.11)(15.88,5.54)(17.46,2.56)(14.78,7.61)(22.85,14.85)(28.47,6.08)(25.69,6.34)(27.22,11.98)(23.49,17.75)(22.54,18.26)(19.12,20.2)(22.85,14.85)(19.41,20.67)(26.93,13.06)(14.91,17.24)(20.49,13.59)(17.86,19.36)(21.48,10.3)(19.01,14.36)(20.49,14.03)(27.5,17.66)(22.78,15.42)(18.41,11.88)(20.49,14.03)(17.02,12.33)(1.32,19.32)(1.57,19.84)(4.31,23.12)(3.08,21.03)(2.38,18.26)
__________________________________
Número da Execução: 5
Custo da Solução: 234.517
Score da Solução: 612
Qualidade da Solução: 377.483
Tempo Gasto: 8501
Vertices da Solução: H0-80-57-46-23-83-19-89-63-H8-34-66-50-39-25-30-64-35-H15-61-24-47-81-73-45-95-97-43-H14-93-58-69-67-75-36-44-54-40-90-94-71-98-H1
Coordenadas dos Vertices da Solução: (18.19,6.32)(26.7,3.44)(19.6,2.11)(20.9,7.67)(14.78,7.61)(17.02,12.33)(16.93,2.09)(22.05,7.74)(16.32,3.73)(15.88,5.54)(10.24,3.02)(17.46,2.56)(13.57,9.41)(15.88,5.54)(18.41,11.88)(16.71,9.5)(7.14,25.9)(3.54,26.16)(7.03,28.12)(4.31,23.12)(2.41,25.06)(2.75,25.4)(7.03,28.12)(21.48,10.3)(20.49,14.03)(19.01,14.36)(20.49,13.59)(27.5,17.66)(22.54,18.26)(26.93,13.06)(22.78,15.42)(22.85,14.85)(23.49,17.75)(22.54,18.26)(17.86,19.36)(19.41,20.67)(19.12,20.2)(1.32,19.32)(3.08,21.03)(1.57,19.84)(6.52,19.42)(3.3,17.86)(2.38,18.26)
__________________________________
Número da Execução: 6
Custo da Solução: 226.234
Score da Solução: 478
Qualidade da Solução: 251.766
Tempo Gasto: 6751
Vertices da Solução: H0-83-30-73-66-45-89-80-82-H11-25-39-34-57-46-19-23-H5-49-76-37-22-90-92-71-60-H10-79-86-65-51-61-40-94-98-H1
Coordenadas dos Vertices da Solução: (18.19,6.32)(17.02,12.33)(16.71,9.5)(21.48,10.3)(17.46,2.56)(20.49,14.03)(22.05,7.74)(26.7,3.44)(20.3,3.86)(19.6,2.11)(18.41,11.88)(15.88,5.54)(10.24,3.02)(19.6,2.11)(20.9,7.67)(16.93,2.09)(14.78,7.61)(3.94,10.77)(0.43,1.12)(4.46,7.85)(3.77,7.84)(3.94,10.77)(3.08,21.03)(3.69,14.33)(6.52,19.42)(0.51,11.06)(0.3,9.16)(6.48,2.46)(1.88,3.33)(1.04,13.47)(0.3,9.16)(4.31,23.12)(1.32,19.32)(1.57,19.84)(3.3,17.86)(2.38,18.26)
__________________________________
Número da Execução: 7
Custo da Solução: 233.564
Score da Solução: 634
Qualidade da Solução: 400.436
Tempo Gasto: 8981
Vertices da Solução: H0-50-30-95-97-68-36-83-38-26-96-85-H9-75-73-25-45-93-88-58-67-69-43-82-H11-46-19-89-57-39-66-23-65-H10-79-76-37-60-51-92-71-98-40-90-94-61-H1
Coordenadas dos Vertices da Solução: (18.19,6.32)(13.57,9.41)(16.71,9.5)(19.01,14.36)(20.49,13.59)(11.96,15.15)(17.86,19.36)(17.02,12.33)(14.2,19.64)(14.91,17.24)(14.24,18.8)(13.97,18.49)(20.49,14.03)(22.54,18.26)(21.48,10.3)(18.41,11.88)(20.49,14.03)(26.93,13.06)(27.22,11.98)(22.78,15.42)(23.49,17.75)(22.85,14.85)(27.5,17.66)(20.3,3.86)(19.6,2.11)(20.9,7.67)(16.93,2.09)(22.05,7.74)(19.6,2.11)(15.88,5.54)(17.46,2.56)(14.78,7.61)(1.04,13.47)(0.3,9.16)(6.48,2.46)(4.46,7.85)(3.77,7.84)(0.51,11.06)(0.3,9.16)(3.69,14.33)(6.52,19.42)(3.3,17.86)(1.32,19.32)(3.08,21.03)(1.57,19.84)(4.31,23.12)(2.38,18.26)
__________________________________
Número da Execução: 8
Custo da Solução: 235.482
Score da Solução: 565
Qualidade da Solução: 329.518
Tempo Gasto: 7848
Vertices da Solução: H0-89-30-18-33-17-28-42-38-96-85-H7-64-95-26-97-75-83-68-H9-88-73-25-45-93-58-67-69-34-H8-50-66-57-39-23-19-40-94-98-H1
Coordenadas dos Vertices da Solução: (18.19,6.32)(22.05,7.74)(16.71,9.5)(9,28.01)(11.62,24)(15.52,28.03)(13.44,24.76)(16.76,19.84)(14.2,19.64)(14.24,18.8)(13.97,18.49)(11.62,24)(7.14,25.9)(19.01,14.36)(14.91,17.24)(20.49,13.59)(22.54,18.26)(17.02,12.33)(11.96,15.15)(20.49,14.03)(27.22,11.98)(21.48,10.3)(18.41,11.88)(20.49,14.03)(26.93,13.06)(22.78,15.42)(23.49,17.75)(22.85,14.85)(10.24,3.02)(15.88,5.54)(13.57,9.41)(17.46,2.56)(19.6,2.11)(15.88,5.54)(14.78,7.61)(16.93,2.09)(1.32,19.32)(1.57,19.84)(3.3,17.86)(2.38,18.26)
__________________________________
Número da Execução: 9
Custo da Solução: 232.994
Score da Solução: 614
Qualidade da Solução: 381.006
Tempo Gasto: 9358
Vertices da Solução: H0-23-30-83-58-43-69-70-93-99-H14-53-44-54-75-73-67-45-95-97-25-87-28-91-31-H15-33-24-47-81-61-18-64-35-55-65-H5-51-92-76-22-90-40-78-94-71-98-H1
Coordenadas dos Vertices da Solução: (18.19,6.32)(14.78,7.61)(16.71,9.5)(17.02,12.33)(22.78,15.42)(27.5,17.66)(22.85,14.85)(28.47,6.08)(26.93,13.06)(28.72,20.92)(22.54,18.26)(22.69,23.13)(19.41,20.67)(19.12,20.2)(22.54,18.26)(21.48,10.3)(23.49,17.75)(20.49,14.03)(19.01,14.36)(20.49,13.59)(18.41,11.88)(14.25,23.83)(13.44,24.76)(12.66,26.02)(12.38,26.66)(7.03,28.12)(11.62,24)(2.41,25.06)(2.75,25.4)(7.03,28.12)(4.31,23.12)(9,28.01)(7.14,25.9)(3.54,26.16)(7,21.44)(1.04,13.47)(3.94,10.77)(0.3,9.16)(3.69,14.33)(4.46,7.85)(3.94,10.77)(3.08,21.03)(1.32,19.32)(6.82,21.1)(1.57,19.84)(6.52,19.42)(3.3,17.86)(2.38,18.26)
__________________________________
Número da Execução: 10
Custo da Solução: 225.039
Score da Solução: 441
Qualidade da Solução: 215.961
Tempo Gasto: 6519
Vertices da Solução: H0-97-57-89-66-25-30-73-82-H12-50-19-34-63-83-23-39-H5-49-76-37-22-90-92-71-60-H10-79-86-65-51-61-40-94-98-H1
Coordenadas dos Vertices da Solução: (18.19,6.32)(20.49,13.59)(19.6,2.11)(22.05,7.74)(17.46,2.56)(18.41,11.88)(16.71,9.5)(21.48,10.3)(20.3,3.86)(16.32,3.73)(13.57,9.41)(16.93,2.09)(10.24,3.02)(16.32,3.73)(17.02,12.33)(14.78,7.61)(15.88,5.54)(3.94,10.77)(0.43,1.12)(4.46,7.85)(3.77,7.84)(3.94,10.77)(3.08,21.03)(3.69,14.33)(6.52,19.42)(0.51,11.06)(0.3,9.16)(6.48,2.46)(1.88,3.33)(1.04,13.47)(0.3,9.16)(4.31,23.12)(1.32,19.32)(1.57,19.84)(3.3,17.86)(2.38,18.26)
__________________________________
