Número da Execução: 1
Custo da Solução: 229.396
Score da Solução: 532
Qualidade da Solução: 302.604
Tempo Gasto: 9608
Vertices da Solução: H0-30-97-83-73-75-H13-25-45-58-69-H10-27-33-H4-92-40-61-90-98-H8-19-63-23-39-H16-66-96-85-54-48-H4-36-44-38-42-26-68-H7-28-87-94-H1
Coordenadas dos Vertices da Solução: (18.19,6.32)(16.71,9.5)(20.49,13.59)(17.02,12.33)(21.48,10.3)(22.54,18.26)(20.49,14.03)(18.41,11.88)(20.49,14.03)(22.78,15.42)(22.85,14.85)(7.14,0.48)(7.14,0.48)(11.62,24)(14.2,19.64)(3.69,14.33)(1.32,19.32)(4.31,23.12)(3.08,21.03)(3.3,17.86)(1.32,19.32)(16.93,2.09)(16.32,3.73)(14.78,7.61)(15.88,5.54)(16.32,3.73)(17.46,2.56)(14.24,18.8)(13.97,18.49)(19.12,20.2)(16.1,19.74)(14.2,19.64)(17.86,19.36)(19.41,20.67)(14.2,19.64)(16.76,19.84)(14.91,17.24)(11.96,15.15)(14.25,23.83)(13.44,24.76)(14.25,23.83)(1.57,19.84)(2.38,18.26)
__________________________________
Número da Execução: 2
Custo da Solução: 233.222
Score da Solução: 485
Qualidade da Solução: 251.778
Tempo Gasto: 8634
Vertices da Solução: H0-73-30-25-22-H14-90-94-35-24-47-52-H8-61-40-78-71-65-60-H14-82-57-63-H15-86-51-76-37-H14-23-39-66-50-59-H12-19-96-42-85-26-H4-38-92-98-H1
Coordenadas dos Vertices da Solução: (18.19,6.32)(21.48,10.3)(16.71,9.5)(18.41,11.88)(3.94,10.77)(0.3,9.16)(3.08,21.03)(1.57,19.84)(3.54,26.16)(2.41,25.06)(2.75,25.4)(0.45,23.35)(1.32,19.32)(4.31,23.12)(1.32,19.32)(6.82,21.1)(6.52,19.42)(1.04,13.47)(0.51,11.06)(0.3,9.16)(20.3,3.86)(19.6,2.11)(16.32,3.73)(19.6,2.11)(1.88,3.33)(0.3,9.16)(4.46,7.85)(3.77,7.84)(0.3,9.16)(14.78,7.61)(15.88,5.54)(17.46,2.56)(13.57,9.41)(13.51,8.05)(15.88,5.54)(16.93,2.09)(14.24,18.8)(16.76,19.84)(13.97,18.49)(14.91,17.24)(14.2,19.64)(14.2,19.64)(3.69,14.33)(3.3,17.86)(2.38,18.26)
__________________________________
Número da Execução: 3
Custo da Solução: 222.696
Score da Solução: 445
Qualidade da Solução: 222.304
Tempo Gasto: 7616
Vertices da Solução: H0-23-30-39-H11-55-96-85-83-H4-68-38-26-62-H9-41-21-29-54-H7-17-36-87-44-42-48-H11-25-89-73-32-H5-46-64-H11-28-33-40-H1
Coordenadas dos Vertices da Solução: (18.19,6.32)(14.78,7.61)(16.71,9.5)(15.88,5.54)(11.62,24)(7,21.44)(14.24,18.8)(13.97,18.49)(17.02,12.33)(14.2,19.64)(11.96,15.15)(14.2,19.64)(14.91,17.24)(19.68,25.62)(18.43,29.93)(20.5,25.33)(18.43,29.93)(17.54,29.43)(19.12,20.2)(14.25,23.83)(15.52,28.03)(17.86,19.36)(14.25,23.83)(19.41,20.67)(16.76,19.84)(16.1,19.74)(11.62,24)(18.41,11.88)(22.05,7.74)(21.48,10.3)(25.69,6.34)(20.9,7.67)(20.9,7.67)(7.14,25.9)(11.62,24)(13.44,24.76)(11.62,24)(1.32,19.32)(2.38,18.26)
__________________________________
Número da Execução: 4
Custo da Solução: 221.188
Score da Solução: 561
Qualidade da Solução: 339.812
Tempo Gasto: 9384
Vertices da Solução: H0-19-59-23-25-30-83-H12-63-39-66-H7-44-38-68-H4-26-33-20-55-18-H11-64-43-99-H6-54-96-85-87-36-42-48-H7-28-94-61-24-47-52-H8-90-40-78-71-98-H1
Coordenadas dos Vertices da Solução: (18.19,6.32)(16.93,2.09)(13.51,8.05)(14.78,7.61)(18.41,11.88)(16.71,9.5)(17.02,12.33)(15.88,5.54)(16.32,3.73)(15.88,5.54)(17.46,2.56)(14.25,23.83)(19.41,20.67)(14.2,19.64)(11.96,15.15)(14.2,19.64)(14.91,17.24)(11.62,24)(8.64,19.85)(7,21.44)(9,28.01)(11.62,24)(7.14,25.9)(27.5,17.66)(28.72,20.92)(27.5,17.66)(19.12,20.2)(14.24,18.8)(13.97,18.49)(14.25,23.83)(17.86,19.36)(16.76,19.84)(16.1,19.74)(14.25,23.83)(13.44,24.76)(1.57,19.84)(4.31,23.12)(2.41,25.06)(2.75,25.4)(0.45,23.35)(1.32,19.32)(3.08,21.03)(1.32,19.32)(6.82,21.1)(6.52,19.42)(3.3,17.86)(2.38,18.26)
__________________________________
Número da Execução: 5
Custo da Solução: 226.075
Score da Solução: 537
Qualidade da Solução: 310.925
Tempo Gasto: 9033
Vertices da Solução: H0-25-30-45-95-58-69-89-H5-83-46-73-80-H15-57-86-76-37-H14-82-66-39-H16-19-63-50-23-92-65-H14-60-51-17-H9-41-21-29-64-91-H11-28-33-40-H1
Coordenadas dos Vertices da Solução: (18.19,6.32)(18.41,11.88)(16.71,9.5)(20.49,14.03)(19.01,14.36)(22.78,15.42)(22.85,14.85)(22.05,7.74)(20.9,7.67)(17.02,12.33)(20.9,7.67)(21.48,10.3)(26.7,3.44)(19.6,2.11)(19.6,2.11)(1.88,3.33)(4.46,7.85)(3.77,7.84)(0.3,9.16)(20.3,3.86)(17.46,2.56)(15.88,5.54)(16.32,3.73)(16.93,2.09)(16.32,3.73)(13.57,9.41)(14.78,7.61)(3.69,14.33)(1.04,13.47)(0.3,9.16)(0.51,11.06)(0.3,9.16)(15.52,28.03)(18.43,29.93)(20.5,25.33)(18.43,29.93)(17.54,29.43)(7.14,25.9)(12.66,26.02)(11.62,24)(13.44,24.76)(11.62,24)(1.32,19.32)(2.38,18.26)
__________________________________
Número da Execução: 6
Custo da Solução: 216.08
Score da Solução: 458
Qualidade da Solução: 241.92
Tempo Gasto: 8276
Vertices da Solução: H0-50-66-80-H5-45-30-25-95-97-H12-39-64-91-H11-28-33-89-H5-83-46-73-32-H16-34-63-23-59-H15-82-57-19-86-37-H14-60-51-40-94-H1
Coordenadas dos Vertices da Solução: (18.19,6.32)(13.57,9.41)(17.46,2.56)(26.7,3.44)(20.9,7.67)(20.49,14.03)(16.71,9.5)(18.41,11.88)(19.01,14.36)(20.49,13.59)(15.88,5.54)(15.88,5.54)(7.14,25.9)(12.66,26.02)(11.62,24)(13.44,24.76)(11.62,24)(22.05,7.74)(20.9,7.67)(17.02,12.33)(20.9,7.67)(21.48,10.3)(25.69,6.34)(16.32,3.73)(10.24,3.02)(16.32,3.73)(14.78,7.61)(13.51,8.05)(19.6,2.11)(20.3,3.86)(19.6,2.11)(16.93,2.09)(1.88,3.33)(3.77,7.84)(0.3,9.16)(0.51,11.06)(0.3,9.16)(1.32,19.32)(1.57,19.84)(2.38,18.26)
__________________________________
Número da Execução: 7
Custo da Solução: 218.018
Score da Solução: 455
Qualidade da Solução: 236.982
Tempo Gasto: 6997
Vertices da Solução: H0-39-30-71-H8-24-21-29-17-H9-63-H16-23-27-79-86-H10-19-57-82-66-34-H15-98-94-90-H8-61-40-87-28-91-H11-33-92-H1
Coordenadas dos Vertices da Solução: (18.19,6.32)(15.88,5.54)(16.71,9.5)(6.52,19.42)(1.32,19.32)(2.41,25.06)(18.43,29.93)(17.54,29.43)(15.52,28.03)(18.43,29.93)(16.32,3.73)(16.32,3.73)(14.78,7.61)(7.14,0.48)(6.48,2.46)(1.88,3.33)(7.14,0.48)(16.93,2.09)(19.6,2.11)(20.3,3.86)(17.46,2.56)(10.24,3.02)(19.6,2.11)(3.3,17.86)(1.57,19.84)(3.08,21.03)(1.32,19.32)(4.31,23.12)(1.32,19.32)(14.25,23.83)(13.44,24.76)(12.66,26.02)(11.62,24)(11.62,24)(3.69,14.33)(2.38,18.26)
__________________________________
Número da Execução: 8
Custo da Solução: 225.06
Score da Solução: 514
Qualidade da Solução: 288.94
Tempo Gasto: 8505
Vertices da Solução: H0-39-66-34-82-H15-21-29-H9-57-H15-19-89-46-25-73-45-97-H5-30-63-50-23-83-59-H16-33-64-H11-28-54-96-36-26-68-H4-85-38-40-H1
Coordenadas dos Vertices da Solução: (18.19,6.32)(15.88,5.54)(17.46,2.56)(10.24,3.02)(20.3,3.86)(19.6,2.11)(18.43,29.93)(17.54,29.43)(18.43,29.93)(19.6,2.11)(19.6,2.11)(16.93,2.09)(22.05,7.74)(20.9,7.67)(18.41,11.88)(21.48,10.3)(20.49,14.03)(20.49,13.59)(20.9,7.67)(16.71,9.5)(16.32,3.73)(13.57,9.41)(14.78,7.61)(17.02,12.33)(13.51,8.05)(16.32,3.73)(11.62,24)(7.14,25.9)(11.62,24)(13.44,24.76)(19.12,20.2)(14.24,18.8)(17.86,19.36)(14.91,17.24)(11.96,15.15)(14.2,19.64)(13.97,18.49)(14.2,19.64)(1.32,19.32)(2.38,18.26)
__________________________________
Número da Execução: 9
Custo da Solução: 224.688
Score da Solução: 443
Qualidade da Solução: 218.312
Tempo Gasto: 8047
Vertices da Solução: H0-30-21-29-17-H9-51-H14-97-73-H13-95-45-58-69-H8-67-43-99-H6-23-63-39-66-19-57-H16-98-94-52-H8-90-40-71-H1
Coordenadas dos Vertices da Solução: (18.19,6.32)(16.71,9.5)(18.43,29.93)(17.54,29.43)(15.52,28.03)(18.43,29.93)(0.3,9.16)(0.3,9.16)(20.49,13.59)(21.48,10.3)(20.49,14.03)(19.01,14.36)(20.49,14.03)(22.78,15.42)(22.85,14.85)(1.32,19.32)(23.49,17.75)(27.5,17.66)(28.72,20.92)(27.5,17.66)(14.78,7.61)(16.32,3.73)(15.88,5.54)(17.46,2.56)(16.93,2.09)(19.6,2.11)(16.32,3.73)(3.3,17.86)(1.57,19.84)(0.45,23.35)(1.32,19.32)(3.08,21.03)(1.32,19.32)(6.52,19.42)(2.38,18.26)
__________________________________
Número da Execução: 10
Custo da Solução: 225.49
Score da Solução: 446
Qualidade da Solução: 220.51
Tempo Gasto: 7702
Vertices da Solução: H0-89-43-99-67-H6-94-H8-61-40-50-H12-29-17-H9-21-19-H12-23-63-39-25-30-73-46-82-H15-66-57-33-H7-28-87-90-H1
Coordenadas dos Vertices da Solução: (18.19,6.32)(22.05,7.74)(27.5,17.66)(28.72,20.92)(23.49,17.75)(27.5,17.66)(1.57,19.84)(1.32,19.32)(4.31,23.12)(1.32,19.32)(13.57,9.41)(15.88,5.54)(17.54,29.43)(15.52,28.03)(18.43,29.93)(18.43,29.93)(16.93,2.09)(15.88,5.54)(14.78,7.61)(16.32,3.73)(15.88,5.54)(18.41,11.88)(16.71,9.5)(21.48,10.3)(20.9,7.67)(20.3,3.86)(19.6,2.11)(17.46,2.56)(19.6,2.11)(11.62,24)(14.25,23.83)(13.44,24.76)(14.25,23.83)(3.08,21.03)(2.38,18.26)
__________________________________
