Número da Execução: 1
Custo da Solução: 228.885
Score da Solução: 590
Qualidade da Solução: 361.115
Tempo Gasto: 9538
Vertices da Solução: H0-23-58-43-69-93-H11-35-47-78-61-90-H6-24-97-30-89-46-H11-95-83-68-45-88-73-25-67-H16-41-44-54-75-96-36-85-26-87-H8-33-91-28-17-94-40-H1
Coordenadas dos Vertices da Solução: (18.19,6.32)(14.78,7.61)(22.78,15.42)(27.5,17.66)(22.85,14.85)(26.93,13.06)(20.49,14.03)(3.54,26.16)(2.75,25.4)(6.82,21.1)(4.31,23.12)(3.08,21.03)(2.75,25.4)(2.41,25.06)(20.49,13.59)(16.71,9.5)(22.05,7.74)(20.9,7.67)(20.49,14.03)(19.01,14.36)(17.02,12.33)(11.96,15.15)(20.49,14.03)(27.22,11.98)(21.48,10.3)(18.41,11.88)(23.49,17.75)(22.54,18.26)(20.5,25.33)(19.41,20.67)(19.12,20.2)(22.54,18.26)(14.24,18.8)(17.86,19.36)(13.97,18.49)(14.91,17.24)(14.25,23.83)(13.44,24.76)(11.62,24)(12.66,26.02)(13.44,24.76)(15.52,28.03)(1.57,19.84)(1.32,19.32)(2.38,18.26)
__________________________________
Número da Execução: 2
Custo da Solução: 226.718
Score da Solução: 392
Qualidade da Solução: 165.282
Tempo Gasto: 7031
Vertices da Solução: H0-17-29-28-H7-41-21-60-H12-92-66-57-50-59-H10-30-23-39-71-65-22-H12-86-51-79-76-37-H14-19-63-40-94-H1
Coordenadas dos Vertices da Solução: (18.19,6.32)(15.52,28.03)(17.54,29.43)(13.44,24.76)(18.43,29.93)(20.5,25.33)(18.43,29.93)(0.51,11.06)(0.3,9.16)(3.69,14.33)(17.46,2.56)(19.6,2.11)(13.57,9.41)(13.51,8.05)(15.88,5.54)(16.71,9.5)(14.78,7.61)(15.88,5.54)(6.52,19.42)(1.04,13.47)(3.94,10.77)(0.3,9.16)(1.88,3.33)(0.3,9.16)(6.48,2.46)(4.46,7.85)(3.77,7.84)(16.32,3.73)(16.93,2.09)(16.32,3.73)(1.32,19.32)(1.57,19.84)(2.38,18.26)
__________________________________
Número da Execução: 3
Custo da Solução: 230.171
Score da Solução: 559
Qualidade da Solução: 328.829
Tempo Gasto: 7723
Vertices da Solução: H0-30-21-53-41-62-H7-29-73-45-83-58-69-H11-95-97-89-57-70-80-56-H13-94-24-84-35-52-H6-61-90-47-23-39-19-H14-66-63-40-98-H1
Coordenadas dos Vertices da Solução: (18.19,6.32)(16.71,9.5)(18.43,29.93)(22.69,23.13)(20.5,25.33)(19.68,25.62)(18.43,29.93)(17.54,29.43)(21.48,10.3)(20.49,14.03)(17.02,12.33)(22.78,15.42)(22.85,14.85)(20.49,14.03)(19.01,14.36)(20.49,13.59)(22.05,7.74)(19.6,2.11)(28.47,6.08)(26.7,3.44)(28.88,0.86)(19.6,2.11)(1.57,19.84)(2.41,25.06)(0.2,24.8)(3.54,26.16)(0.45,23.35)(2.75,25.4)(4.31,23.12)(3.08,21.03)(2.75,25.4)(14.78,7.61)(15.88,5.54)(16.93,2.09)(16.32,3.73)(17.46,2.56)(16.32,3.73)(1.32,19.32)(3.3,17.86)(2.38,18.26)
__________________________________
Número da Execução: 4
Custo da Solução: 229.519
Score da Solução: 616
Qualidade da Solução: 386.481
Tempo Gasto: 8897
Vertices da Solução: H0-23-60-51-79-76-37-H12-25-97-95-83-26-H11-73-75-45-93-58-69-H10-30-39-57-66-19-53-77-H5-99-43-72-44-41-62-17-H7-29-21-61-40-94-90-H1
Coordenadas dos Vertices da Solução: (18.19,6.32)(14.78,7.61)(0.51,11.06)(0.3,9.16)(6.48,2.46)(4.46,7.85)(3.77,7.84)(0.3,9.16)(18.41,11.88)(20.49,13.59)(19.01,14.36)(17.02,12.33)(14.91,17.24)(20.49,14.03)(21.48,10.3)(22.54,18.26)(20.49,14.03)(26.93,13.06)(22.78,15.42)(22.85,14.85)(15.88,5.54)(16.71,9.5)(15.88,5.54)(19.6,2.11)(17.46,2.56)(16.93,2.09)(22.69,23.13)(21.61,23.16)(26.85,25.82)(28.72,20.92)(27.5,17.66)(26.85,25.82)(19.41,20.67)(20.5,25.33)(19.68,25.62)(15.52,28.03)(18.43,29.93)(17.54,29.43)(18.43,29.93)(4.31,23.12)(1.32,19.32)(1.57,19.84)(3.08,21.03)(2.38,18.26)
__________________________________
Número da Execução: 5
Custo da Solução: 232.353
Score da Solução: 442
Qualidade da Solução: 209.647
Tempo Gasto: 7299
Vertices da Solução: H0-25-30-68-83-26-H14-34-66-86-60-H12-76-51-89-32-H4-39-82-46-45-73-58-69-H14-19-63-57-23-77-41-62-H5-72-40-94-H1
Coordenadas dos Vertices da Solução: (18.19,6.32)(18.41,11.88)(16.71,9.5)(11.96,15.15)(17.02,12.33)(14.91,17.24)(16.32,3.73)(10.24,3.02)(17.46,2.56)(1.88,3.33)(0.51,11.06)(0.3,9.16)(4.46,7.85)(0.3,9.16)(22.05,7.74)(25.69,6.34)(20.9,7.67)(15.88,5.54)(20.3,3.86)(20.9,7.67)(20.49,14.03)(21.48,10.3)(22.78,15.42)(22.85,14.85)(16.32,3.73)(16.93,2.09)(16.32,3.73)(19.6,2.11)(14.78,7.61)(21.61,23.16)(20.5,25.33)(19.68,25.62)(26.85,25.82)(26.85,25.82)(1.32,19.32)(1.57,19.84)(2.38,18.26)
__________________________________
Número da Execução: 6
Custo da Solução: 226.915
Score da Solução: 600
Qualidade da Solução: 373.085
Tempo Gasto: 8599
Vertices da Solução: H0-39-82-66-50-34-79-H14-19-63-57-23-80-32-H4-73-89-46-95-30-25-41-H5-93-67-58-88-69-43-H16-36-44-54-75-83-45-97-99-H5-72-40-94-H1
Coordenadas dos Vertices da Solução: (18.19,6.32)(15.88,5.54)(20.3,3.86)(17.46,2.56)(13.57,9.41)(10.24,3.02)(6.48,2.46)(16.32,3.73)(16.93,2.09)(16.32,3.73)(19.6,2.11)(14.78,7.61)(26.7,3.44)(25.69,6.34)(20.9,7.67)(21.48,10.3)(22.05,7.74)(20.9,7.67)(19.01,14.36)(16.71,9.5)(18.41,11.88)(20.5,25.33)(26.85,25.82)(26.93,13.06)(23.49,17.75)(22.78,15.42)(27.22,11.98)(22.85,14.85)(27.5,17.66)(22.54,18.26)(17.86,19.36)(19.41,20.67)(19.12,20.2)(22.54,18.26)(17.02,12.33)(20.49,14.03)(20.49,13.59)(28.72,20.92)(26.85,25.82)(26.85,25.82)(1.32,19.32)(1.57,19.84)(2.38,18.26)
__________________________________
Número da Execução: 7
Custo da Solução: 227.765
Score da Solução: 667
Qualidade da Solução: 439.235
Tempo Gasto: 10264
Vertices da Solução: H0-39-63-34-19-79-27-H14-59-23-82-57-56-80-32-H13-66-89-46-88-30-50-H4-25-75-97-68-83-26-H11-73-95-45-93-58-69-44-41-62-H7-29-21-61-40-94-90-H1
Coordenadas dos Vertices da Solução: (18.19,6.32)(15.88,5.54)(16.32,3.73)(10.24,3.02)(16.93,2.09)(6.48,2.46)(7.14,0.48)(16.32,3.73)(13.51,8.05)(14.78,7.61)(20.3,3.86)(19.6,2.11)(28.88,0.86)(26.7,3.44)(25.69,6.34)(19.6,2.11)(17.46,2.56)(22.05,7.74)(20.9,7.67)(27.22,11.98)(16.71,9.5)(13.57,9.41)(20.9,7.67)(18.41,11.88)(22.54,18.26)(20.49,13.59)(11.96,15.15)(17.02,12.33)(14.91,17.24)(20.49,14.03)(21.48,10.3)(19.01,14.36)(20.49,14.03)(26.93,13.06)(22.78,15.42)(22.85,14.85)(19.41,20.67)(20.5,25.33)(19.68,25.62)(18.43,29.93)(17.54,29.43)(18.43,29.93)(4.31,23.12)(1.32,19.32)(1.57,19.84)(3.08,21.03)(2.38,18.26)
__________________________________
Número da Execução: 8
Custo da Solução: 226.345
Score da Solução: 469
Qualidade da Solução: 242.655
Tempo Gasto: 11118
Vertices da Solução: H0-30-51-86-65-60-H12-76-37-33-81-64-18-H9-28-72-99-43-41-H5-25-97-95-83-23-H11-73-75-45-93-58-69-H14-66-63-40-94-H1
Coordenadas dos Vertices da Solução: (18.19,6.32)(16.71,9.5)(0.3,9.16)(1.88,3.33)(1.04,13.47)(0.51,11.06)(0.3,9.16)(4.46,7.85)(3.77,7.84)(11.62,24)(7.03,28.12)(7.14,25.9)(9,28.01)(11.62,24)(13.44,24.76)(26.85,25.82)(28.72,20.92)(27.5,17.66)(20.5,25.33)(26.85,25.82)(18.41,11.88)(20.49,13.59)(19.01,14.36)(17.02,12.33)(14.78,7.61)(20.49,14.03)(21.48,10.3)(22.54,18.26)(20.49,14.03)(26.93,13.06)(22.78,15.42)(22.85,14.85)(16.32,3.73)(17.46,2.56)(16.32,3.73)(1.32,19.32)(1.57,19.84)(2.38,18.26)
__________________________________
Número da Execução: 9
Custo da Solução: 224.213
Score da Solução: 541
Qualidade da Solução: 316.787
Tempo Gasto: 7492
Vertices da Solução: H0-30-47-61-71-H6-35-24-65-51-79-76-37-H12-54-75-42-44-36-H16-25-97-26-83-23-H11-89-73-95-45-93-58-69-H9-28-38-33-64-40-94-H1
Coordenadas dos Vertices da Solução: (18.19,6.32)(16.71,9.5)(2.75,25.4)(4.31,23.12)(6.52,19.42)(2.75,25.4)(3.54,26.16)(2.41,25.06)(1.04,13.47)(0.3,9.16)(6.48,2.46)(4.46,7.85)(3.77,7.84)(0.3,9.16)(19.12,20.2)(22.54,18.26)(16.76,19.84)(19.41,20.67)(17.86,19.36)(22.54,18.26)(18.41,11.88)(20.49,13.59)(14.91,17.24)(17.02,12.33)(14.78,7.61)(20.49,14.03)(22.05,7.74)(21.48,10.3)(19.01,14.36)(20.49,14.03)(26.93,13.06)(22.78,15.42)(22.85,14.85)(11.62,24)(13.44,24.76)(14.2,19.64)(11.62,24)(7.14,25.9)(1.32,19.32)(1.57,19.84)(2.38,18.26)
__________________________________
Número da Execução: 10
Custo da Solução: 225.298
Score da Solução: 610
Qualidade da Solução: 384.702
Tempo Gasto: 9229
Vertices da Solução: H0-50-30-25-45-93-58-69-43-H11-83-97-73-39-23-66-57-H10-63-19-87-28-85-38-96-H8-17-33-64-24-52-90-20-71-55-H6-35-47-78-61-94-53-H5-72-40-H1
Coordenadas dos Vertices da Solução: (18.19,6.32)(13.57,9.41)(16.71,9.5)(18.41,11.88)(20.49,14.03)(26.93,13.06)(22.78,15.42)(22.85,14.85)(27.5,17.66)(20.49,14.03)(17.02,12.33)(20.49,13.59)(21.48,10.3)(15.88,5.54)(14.78,7.61)(17.46,2.56)(19.6,2.11)(15.88,5.54)(16.32,3.73)(16.93,2.09)(14.25,23.83)(13.44,24.76)(13.97,18.49)(14.2,19.64)(14.24,18.8)(13.44,24.76)(15.52,28.03)(11.62,24)(7.14,25.9)(2.41,25.06)(0.45,23.35)(3.08,21.03)(8.64,19.85)(6.52,19.42)(7,21.44)(2.75,25.4)(3.54,26.16)(2.75,25.4)(6.82,21.1)(4.31,23.12)(1.57,19.84)(22.69,23.13)(26.85,25.82)(26.85,25.82)(1.32,19.32)(2.38,18.26)
__________________________________
