Número da Execução: 1
Custo da Solução: 206.643
Score da Solução: 459
Qualidade da Solução: 252.357
Tempo Gasto: 9465
Vertices da Solução: H0-30-97-95-83-25-H15-73-45-58-69-68-H4-79-H12-92-65-H11-22-64-81-18-91-H13-28-33-40-H16-49-76-37-H12-34-27-86-H16-60-51-90-61-78-55-H10-71-98-H1
Coordenadas dos Vertices da Solução: (18.19,6.32)(16.71,9.5)(20.49,13.59)(19.01,14.36)(17.02,12.33)(18.41,11.88)(20.49,14.03)(21.48,10.3)(20.49,14.03)(22.78,15.42)(22.85,14.85)(11.96,15.15)(7.29,16.28)(6.48,2.46)(7.14,0.48)(3.69,14.33)(1.04,13.47)(3.94,10.77)(3.94,10.77)(7.14,25.9)(7.03,28.12)(9,28.01)(12.66,26.02)(11.62,24)(13.44,24.76)(11.62,24)(1.32,19.32)(0.3,9.16)(0.43,1.12)(4.46,7.85)(3.77,7.84)(7.14,0.48)(10.24,3.02)(7.14,0.48)(1.88,3.33)(0.3,9.16)(0.51,11.06)(0.3,9.16)(3.08,21.03)(4.31,23.12)(6.82,21.1)(7,21.44)(6.52,19.42)(6.52,19.42)(3.3,17.86)(2.38,18.26)
__________________________________
Número da Execução: 2
Custo da Solução: 228.821
Score da Solução: 468
Qualidade da Solução: 239.179
Tempo Gasto: 9010
Vertices da Solução: H0-28-87-31-H13-52-78-40-H10-24-61-47-35-18-H13-91-33-64-17-H8-29-88-93-H7-99-43-53-41-62-H8-21-94-H10-90-67-H5-58-75-55-H10-71-98-H1
Coordenadas dos Vertices da Solução: (18.19,6.32)(13.44,24.76)(14.25,23.83)(12.38,26.66)(11.62,24)(0.45,23.35)(6.82,21.1)(1.32,19.32)(6.52,19.42)(2.41,25.06)(4.31,23.12)(2.75,25.4)(3.54,26.16)(9,28.01)(11.62,24)(12.66,26.02)(11.62,24)(7.14,25.9)(15.52,28.03)(18.43,29.93)(17.54,29.43)(27.22,11.98)(26.93,13.06)(27.5,17.66)(28.72,20.92)(27.5,17.66)(22.69,23.13)(20.5,25.33)(19.68,25.62)(18.43,29.93)(18.43,29.93)(1.57,19.84)(6.52,19.42)(3.08,21.03)(23.49,17.75)(22.54,18.26)(22.78,15.42)(22.54,18.26)(7,21.44)(6.52,19.42)(6.52,19.42)(3.3,17.86)(2.38,18.26)
__________________________________
Número da Execução: 3
Custo da Solução: 220.278
Score da Solução: 447
Qualidade da Solução: 226.722
Tempo Gasto: 10828
Vertices da Solução: H0-29-H8-23-50-59-H14-57-66-19-H12-92-H4-45-58-69-54-H5-75-34-H12-79-27-30-63-H14-39-77-41-62-H8-21-61-78-55-20-H10-71-98-H1
Coordenadas dos Vertices da Solução: (18.19,6.32)(17.54,29.43)(18.43,29.93)(14.78,7.61)(13.57,9.41)(13.51,8.05)(15.88,5.54)(19.6,2.11)(17.46,2.56)(16.93,2.09)(7.14,0.48)(3.69,14.33)(7.29,16.28)(20.49,14.03)(22.78,15.42)(22.85,14.85)(19.12,20.2)(22.54,18.26)(22.54,18.26)(10.24,3.02)(7.14,0.48)(6.48,2.46)(7.14,0.48)(16.71,9.5)(16.32,3.73)(15.88,5.54)(15.88,5.54)(21.61,23.16)(20.5,25.33)(19.68,25.62)(18.43,29.93)(18.43,29.93)(4.31,23.12)(6.82,21.1)(7,21.44)(8.64,19.85)(6.52,19.42)(6.52,19.42)(3.3,17.86)(2.38,18.26)
__________________________________
Número da Execução: 4
Custo da Solução: 220.231
Score da Solução: 445
Qualidade da Solução: 224.769
Tempo Gasto: 9552
Vertices da Solução: H0-87-28-91-H13-83-26-69-H15-73-H13-95-97-25-H15-45-30-H8-41-21-29-62-53-77-H5-58-44-36-31-H13-64-33-42-54-67-H5-75-61-78-H10-71-98-H1
Coordenadas dos Vertices da Solução: (18.19,6.32)(14.25,23.83)(13.44,24.76)(12.66,26.02)(11.62,24)(17.02,12.33)(14.91,17.24)(22.85,14.85)(20.49,14.03)(21.48,10.3)(11.62,24)(19.01,14.36)(20.49,13.59)(18.41,11.88)(20.49,14.03)(20.49,14.03)(16.71,9.5)(18.43,29.93)(20.5,25.33)(18.43,29.93)(17.54,29.43)(19.68,25.62)(22.69,23.13)(21.61,23.16)(22.54,18.26)(22.78,15.42)(19.41,20.67)(17.86,19.36)(12.38,26.66)(11.62,24)(7.14,25.9)(11.62,24)(16.76,19.84)(19.12,20.2)(23.49,17.75)(22.54,18.26)(22.54,18.26)(4.31,23.12)(6.82,21.1)(6.52,19.42)(6.52,19.42)(3.3,17.86)(2.38,18.26)
__________________________________
Número da Execução: 5
Custo da Solução: 219.684
Score da Solução: 510
Qualidade da Solução: 290.316
Tempo Gasto: 9562
Vertices da Solução: H0-39-30-50-23-76-37-H11-22-93-H7-41-29-17-H8-21-25-95-H15-83-58-69-99-H7-43-55-20-H10-78-33-91-28-64-H13-75-97-73-H15-45-61-H10-71-98-H1
Coordenadas dos Vertices da Solução: (18.19,6.32)(15.88,5.54)(16.71,9.5)(13.57,9.41)(14.78,7.61)(4.46,7.85)(3.77,7.84)(3.94,10.77)(3.94,10.77)(26.93,13.06)(27.5,17.66)(20.5,25.33)(17.54,29.43)(15.52,28.03)(18.43,29.93)(18.43,29.93)(18.41,11.88)(19.01,14.36)(20.49,14.03)(17.02,12.33)(22.78,15.42)(22.85,14.85)(28.72,20.92)(27.5,17.66)(27.5,17.66)(7,21.44)(8.64,19.85)(6.52,19.42)(6.82,21.1)(11.62,24)(12.66,26.02)(13.44,24.76)(7.14,25.9)(11.62,24)(22.54,18.26)(20.49,13.59)(21.48,10.3)(20.49,14.03)(20.49,14.03)(4.31,23.12)(6.52,19.42)(6.52,19.42)(3.3,17.86)(2.38,18.26)
__________________________________
Número da Execução: 6
Custo da Solução: 222.18
Score da Solução: 366
Qualidade da Solução: 143.82
Tempo Gasto: 8159
Vertices da Solução: H0-35-H9-65-51-60-76-37-H16-34-27-79-H12-32-H6-33-28-H13-39-23-H14-21-H8-24-64-H9-90-47-61-40-94-78-H10-71-98-H1
Coordenadas dos Vertices da Solução: (18.19,6.32)(3.54,26.16)(2.75,25.4)(1.04,13.47)(0.3,9.16)(0.51,11.06)(4.46,7.85)(3.77,7.84)(0.3,9.16)(10.24,3.02)(7.14,0.48)(6.48,2.46)(7.14,0.48)(25.69,6.34)(25.69,6.34)(11.62,24)(13.44,24.76)(11.62,24)(15.88,5.54)(14.78,7.61)(15.88,5.54)(18.43,29.93)(18.43,29.93)(2.41,25.06)(7.14,25.9)(2.75,25.4)(3.08,21.03)(2.75,25.4)(4.31,23.12)(1.32,19.32)(1.57,19.84)(6.82,21.1)(6.52,19.42)(6.52,19.42)(3.3,17.86)(2.38,18.26)
__________________________________
Número da Execução: 7
Custo da Solução: 221.6
Score da Solução: 397
Qualidade da Solução: 175.4
Tempo Gasto: 8138
Vertices da Solução: H0-30-65-H16-60-51-64-91-H13-28-33-67-H7-20-H4-99-H7-93-43-45-58-69-H5-75-76-37-H11-86-22-92-H4-40-78-55-61-90-H10-71-98-H1
Coordenadas dos Vertices da Solução: (18.19,6.32)(16.71,9.5)(1.04,13.47)(0.3,9.16)(0.51,11.06)(0.3,9.16)(7.14,25.9)(12.66,26.02)(11.62,24)(13.44,24.76)(11.62,24)(23.49,17.75)(27.5,17.66)(8.64,19.85)(7.29,16.28)(28.72,20.92)(27.5,17.66)(26.93,13.06)(27.5,17.66)(20.49,14.03)(22.78,15.42)(22.85,14.85)(22.54,18.26)(22.54,18.26)(4.46,7.85)(3.77,7.84)(3.94,10.77)(1.88,3.33)(3.94,10.77)(3.69,14.33)(7.29,16.28)(1.32,19.32)(6.82,21.1)(7,21.44)(4.31,23.12)(3.08,21.03)(6.52,19.42)(6.52,19.42)(3.3,17.86)(2.38,18.26)
__________________________________
Número da Execução: 8
Custo da Solução: 232.446
Score da Solução: 454
Qualidade da Solução: 221.554
Tempo Gasto: 9541
Vertices da Solução: H0-23-58-69-44-H5-22-76-37-60-H16-51-30-63-H14-66-39-68-H4-86-79-34-H12-27-92-20-H4-87-28-64-H13-91-33-25-45-97-H5-75-61-78-H10-71-98-H1
Coordenadas dos Vertices da Solução: (18.19,6.32)(14.78,7.61)(22.78,15.42)(22.85,14.85)(19.41,20.67)(22.54,18.26)(3.94,10.77)(4.46,7.85)(3.77,7.84)(0.51,11.06)(0.3,9.16)(0.3,9.16)(16.71,9.5)(16.32,3.73)(15.88,5.54)(17.46,2.56)(15.88,5.54)(11.96,15.15)(7.29,16.28)(1.88,3.33)(6.48,2.46)(10.24,3.02)(7.14,0.48)(7.14,0.48)(3.69,14.33)(8.64,19.85)(7.29,16.28)(14.25,23.83)(13.44,24.76)(7.14,25.9)(11.62,24)(12.66,26.02)(11.62,24)(18.41,11.88)(20.49,14.03)(20.49,13.59)(22.54,18.26)(22.54,18.26)(4.31,23.12)(6.82,21.1)(6.52,19.42)(6.52,19.42)(3.3,17.86)(2.38,18.26)
__________________________________
Número da Execução: 9
Custo da Solução: 217.498
Score da Solução: 383
Qualidade da Solução: 165.502
Tempo Gasto: 7135
Vertices da Solução: H0-23-30-60-H11-79-22-92-H10-40-35-52-84-H9-76-37-H16-65-51-94-H9-39-H14-33-91-H13-28-24-64-H9-90-47-55-61-78-H10-71-98-H1
Coordenadas dos Vertices da Solução: (18.19,6.32)(14.78,7.61)(16.71,9.5)(0.51,11.06)(3.94,10.77)(6.48,2.46)(3.94,10.77)(3.69,14.33)(6.52,19.42)(1.32,19.32)(3.54,26.16)(0.45,23.35)(0.2,24.8)(2.75,25.4)(4.46,7.85)(3.77,7.84)(0.3,9.16)(1.04,13.47)(0.3,9.16)(1.57,19.84)(2.75,25.4)(15.88,5.54)(15.88,5.54)(11.62,24)(12.66,26.02)(11.62,24)(13.44,24.76)(2.41,25.06)(7.14,25.9)(2.75,25.4)(3.08,21.03)(2.75,25.4)(7,21.44)(4.31,23.12)(6.82,21.1)(6.52,19.42)(6.52,19.42)(3.3,17.86)(2.38,18.26)
__________________________________
Número da Execução: 10
Custo da Solução: 227.546
Score da Solução: 419
Qualidade da Solução: 191.454
Tempo Gasto: 7973
Vertices da Solução: H0-24-H9-47-H6-93-58-69-54-H5-44-75-45-97-H6-70-32-68-H4-79-34-H12-27-90-H10-40-94-92-60-51-65-H11-76-22-61-78-55-H10-71-98-H1
Coordenadas dos Vertices da Solução: (18.19,6.32)(2.41,25.06)(2.75,25.4)(2.75,25.4)(25.69,6.34)(26.93,13.06)(22.78,15.42)(22.85,14.85)(19.12,20.2)(22.54,18.26)(19.41,20.67)(22.54,18.26)(20.49,14.03)(20.49,13.59)(25.69,6.34)(28.47,6.08)(25.69,6.34)(11.96,15.15)(7.29,16.28)(6.48,2.46)(10.24,3.02)(7.14,0.48)(7.14,0.48)(3.08,21.03)(6.52,19.42)(1.32,19.32)(1.57,19.84)(3.69,14.33)(0.51,11.06)(0.3,9.16)(1.04,13.47)(3.94,10.77)(4.46,7.85)(3.94,10.77)(4.31,23.12)(6.82,21.1)(7,21.44)(6.52,19.42)(6.52,19.42)(3.3,17.86)(2.38,18.26)
__________________________________
