Número da Execução: 1
Custo da Solução: 77.8309
Score da Solução: 540
Qualidade da Solução: 462.169
Tempo Gasto: 7290
Vertices da Solução: H0-38-27-39-33-31-18-H4-26-32-46-22-23-19-16-H6-29-24-30-20-55-48-47-H11-40-63-58-H1
Coordenadas dos Vertices da Solução: (0,-7)(2,-1)(4,-3)(4,-1)(5,-2)(1,-2)(2,-5)(3,-4)(2,-3)(3,-2)(3,0)(3,-4)(-4,-3)(-3,-4)(-2,-5)(-1,-4)(-3,-2)(-2,-3)(-1,-2)(-1,-4)(6,1)(7,0)(5,0)(6,-1)(6,-1)(-2,3)(-1,2)(0,7)
__________________________________
Número da Execução: 2
Custo da Solução: 74.6875
Score da Solução: 642
Qualidade da Solução: 567.313
Tempo Gasto: 5816
Vertices da Solução: H0-22-18-25-29-16-19-20-H7-23-37-24-30-35-49-H8-42-34-41-28-50-36-45-52-H12-51-44-43-56-62-63-H1
Coordenadas dos Vertices da Solução: (0,-7)(3,-4)(2,-5)(0,-3)(-3,-2)(-2,-5)(-3,-4)(-1,-4)(-2,-3)(-4,-3)(0,-1)(-2,-3)(-1,-2)(-4,-1)(-6,1)(-5,-2)(-5,0)(-6,-1)(-7,0)(-5,-2)(-4,1)(-2,-1)(1,0)(0,1)(-1,0)(-2,1)(-1,0)(-3,0)(-5,2)(-4,3)(-2,3)(0,7)
__________________________________
Número da Execução: 3
Custo da Solução: 76.1767
Score da Solução: 684
Qualidade da Solução: 607.823
Tempo Gasto: 5094
Vertices da Solução: H0-41-34-50-35-23-H8-42-28-43-27-38-26-H9-33-39-46-32-55-48-47-54-61-H11-40-63-58-H1
Coordenadas dos Vertices da Solução: (0,-7)(-7,0)(-6,-1)(-4,1)(-4,-1)(-4,-3)(-5,-2)(-5,0)(-5,-2)(-3,0)(4,-3)(2,-1)(2,-3)(3,-2)(5,-2)(4,-1)(3,0)(3,-2)(6,1)(7,0)(5,0)(4,1)(5,2)(6,-1)(6,-1)(-2,3)(-1,2)(0,7)
__________________________________
Número da Execução: 4
Custo da Solução: 76.5385
Score da Solução: 612
Qualidade da Solução: 535.462
Tempo Gasto: 5037
Vertices da Solução: H0-33-40-61-47-54-60-H13-55-48-43-36-19-20-H7-35-29-23-24-22-27-38-26-H9-46-32-39-H1
Coordenadas dos Vertices da Solução: (0,-7)(5,-2)(6,-1)(5,2)(5,0)(4,1)(3,2)(7,0)(6,1)(7,0)(-3,0)(-2,-1)(-3,-4)(-1,-4)(-2,-3)(-4,-1)(-3,-2)(-4,-3)(-2,-3)(3,-4)(4,-3)(2,-1)(2,-3)(3,-2)(3,0)(3,-2)(4,-1)(0,7)
__________________________________
Número da Execução: 5
Custo da Solução: 76.5132
Score da Solução: 564
Qualidade da Solução: 487.487
Tempo Gasto: 4671
Vertices da Solução: H0-61-55-39-47-54-H13-40-48-35-34-H10-42-43-29-36-45-44-51-H5-16-19-62-63-H1
Coordenadas dos Vertices da Solução: (0,-7)(5,2)(6,1)(4,-1)(5,0)(4,1)(7,0)(6,-1)(7,0)(-4,-1)(-6,-1)(-2,-1)(-5,0)(-3,0)(-3,-2)(-2,-1)(1,0)(-1,0)(-2,1)(-2,-5)(-2,-5)(-3,-4)(-4,3)(-2,3)(0,7)
__________________________________
Número da Execução: 6
Custo da Solução: 73.7827
Score da Solução: 588
Qualidade da Solução: 514.217
Tempo Gasto: 5019
Vertices da Solução: H0-33-55-46-47-39-H13-40-48-54-61-29-30-H10-50-43-35-36-45-44-51-H6-16-20-24-63-H1
Coordenadas dos Vertices da Solução: (0,-7)(5,-2)(6,1)(3,0)(5,0)(4,-1)(7,0)(6,-1)(7,0)(4,1)(5,2)(-3,-2)(-1,-2)(-2,-1)(-4,1)(-3,0)(-4,-1)(-2,-1)(1,0)(-1,0)(-2,1)(-1,-4)(-2,-5)(-1,-4)(-2,-3)(-2,3)(0,7)
__________________________________
Número da Execução: 7
Custo da Solução: 73.4129
Score da Solução: 636
Qualidade da Solução: 562.587
Tempo Gasto: 4340
Vertices da Solução: H0-18-48-55-60-H11-61-47-54-40-46-27-33-H9-39-38-32-42-35-34-H10-29-36-51-43-62-H1
Coordenadas dos Vertices da Solução: (0,-7)(2,-5)(7,0)(6,1)(3,2)(6,-1)(5,2)(5,0)(4,1)(6,-1)(3,0)(4,-3)(5,-2)(3,-2)(4,-1)(2,-1)(3,-2)(-5,0)(-4,-1)(-6,-1)(-2,-1)(-3,-2)(-2,-1)(-2,1)(-3,0)(-4,3)(0,7)
__________________________________
Número da Execução: 8
Custo da Solução: 75.7659
Score da Solução: 570
Qualidade da Solução: 494.234
Tempo Gasto: 4333
Vertices da Solução: H0-50-51-46-45-37-H12-42-43-52-44-39-47-55-H11-48-40-35-36-19-H7-23-24-29-63-H1
Coordenadas dos Vertices da Solução: (0,-7)(-4,1)(-2,1)(3,0)(1,0)(0,-1)(-1,0)(-5,0)(-3,0)(0,1)(-1,0)(4,-1)(5,0)(6,1)(6,-1)(7,0)(6,-1)(-4,-1)(-2,-1)(-3,-4)(-2,-3)(-4,-3)(-2,-3)(-3,-2)(-2,3)(0,7)
__________________________________
Número da Execução: 9
Custo da Solução: 76.0556
Score da Solução: 408
Qualidade da Solução: 331.944
Tempo Gasto: 4965
Vertices da Solução: H0-35-24-29-44-37-21-H6-30-25-20-28-19-36-H5-23-14-16-32-31-38-H4-26-22-27-H1
Coordenadas dos Vertices da Solução: (0,-7)(-4,-1)(-2,-3)(-3,-2)(-1,0)(0,-1)(1,-4)(-1,-4)(-1,-2)(0,-3)(-1,-4)(-5,-2)(-3,-4)(-2,-1)(-2,-5)(-4,-3)(-1,-6)(-2,-5)(3,-2)(1,-2)(2,-1)(3,-4)(2,-3)(3,-4)(4,-3)(0,7)
__________________________________
Número da Execução: 10
Custo da Solução: 74.1701
Score da Solução: 630
Qualidade da Solução: 555.83
Tempo Gasto: 4454
Vertices da Solução: H0-61-55-54-47-33-H13-40-48-23-29-44-H10-42-43-35-36-45-38-53-46-26-H9-27-32-39-H1
Coordenadas dos Vertices da Solução: (0,-7)(5,2)(6,1)(4,1)(5,0)(5,-2)(7,0)(6,-1)(7,0)(-4,-3)(-3,-2)(-1,0)(-2,-1)(-5,0)(-3,0)(-4,-1)(-2,-1)(1,0)(2,-1)(2,1)(3,0)(2,-3)(3,-2)(4,-3)(3,-2)(4,-1)(0,7)
__________________________________
