Número da Execução: 1
Custo da Solução: 74.0225
Score da Solução: 474
Qualidade da Solução: 399.977
Tempo Gasto: 5163
Vertices da Solução: H0-27-18-22-24-H6-19-15-30-45-H7-31-20-25-34-H4-28-29-23-47-39-32-H11-40-61-62-H1
Coordenadas dos Vertices da Solução: (0,-7)(-3,-2)(-1,-4)(-2,-3)(2,-3)(0,-5)(1,-4)(0,-5)(3,-2)(5,0)(3,-4)(5,-2)(3,-4)(4,-3)(-2,-1)(0,-3)(-1,-2)(1,-2)(0,-3)(-6,1)(-7,0)(-6,-1)(-5,0)(-5,0)(-2,3)(0,3)(0,7)
__________________________________
Número da Execução: 2
Custo da Solução: 75.3879
Score da Solução: 594
Qualidade da Solução: 518.612
Tempo Gasto: 6590
Vertices da Solução: H0-27-18-14-22-17-H6-19-20-15-24-29-36-H4-28-23-49-42-33-41-34-H10-43-35-39-32-47-48-H11-40-61-62-H1
Coordenadas dos Vertices da Solução: (0,-7)(-3,-2)(-1,-4)(-2,-5)(-2,-3)(-3,-4)(0,-5)(1,-4)(3,-4)(0,-5)(2,-3)(1,-2)(2,-1)(0,-3)(-1,-2)(0,-3)(-2,1)(-1,0)(-4,-1)(-3,0)(-2,-1)(0,-1)(1,0)(0,-1)(-7,0)(-6,-1)(-6,1)(-4,1)(-5,0)(-5,0)(-2,3)(0,3)(0,7)
__________________________________
Número da Execução: 3
Custo da Solução: 75.0489
Score da Solução: 510
Qualidade da Solução: 434.951
Tempo Gasto: 10863
Vertices da Solução: H0-45-37-44-24-H9-17-18-22-16-H6-19-15-38-31-36-H9-25-30-47-39-32-H11-40-61-62-H1
Coordenadas dos Vertices da Solução: (0,-7)(5,0)(4,-1)(3,0)(2,-3)(3,-2)(-3,-4)(-1,-4)(-2,-3)(2,-5)(0,-5)(1,-4)(0,-5)(6,-1)(5,-2)(2,-1)(3,-2)(4,-3)(3,-2)(-6,1)(-7,0)(-6,-1)(-5,0)(-5,0)(-2,3)(0,3)(0,7)
__________________________________
Número da Execução: 4
Custo da Solução: 72.9989
Score da Solução: 426
Qualidade da Solução: 353.001
Tempo Gasto: 6508
Vertices da Solução: H0-41-42-49-50-H10-43-35-17-19-29-H6-18-22-15-36-24-30-H7-25-20-27-28-34-H4-23-61-H1
Coordenadas dos Vertices da Solução: (0,-7)(-3,0)(-1,0)(-2,1)(0,1)(0,-1)(1,0)(0,-1)(-3,-4)(1,-4)(1,-2)(0,-5)(-1,-4)(-2,-3)(0,-5)(2,-1)(2,-3)(3,-2)(3,-4)(4,-3)(3,-4)(-3,-2)(-1,-2)(-2,-1)(0,-3)(0,-3)(-2,3)(0,7)
__________________________________
Número da Execução: 5
Custo da Solução: 76.7348
Score da Solução: 456
Qualidade da Solução: 379.265
Tempo Gasto: 5474
Vertices da Solução: H0-52-37-43-H9-45-30-42-28-34-H4-29-31-51-36-20-H8-44-25-38-19-H4-23-61-H1
Coordenadas dos Vertices da Solução: (0,-7)(4,1)(4,-1)(1,0)(3,-2)(5,0)(3,-2)(-1,0)(-1,-2)(-2,-1)(0,-3)(1,-2)(5,-2)(2,1)(2,-1)(3,-4)(4,-3)(3,0)(4,-3)(6,-1)(1,-4)(0,-3)(0,-3)(-2,3)(0,7)
__________________________________
Número da Execução: 6
Custo da Solução: 73.3667
Score da Solução: 612
Qualidade da Solução: 538.633
Tempo Gasto: 6559
Vertices da Solução: H0-45-37-31-24-H9-26-32-39-48-H11-54-47-33-40-34-28-22-18-H4-29-19-23-36-25-44-H9-30-62-H1
Coordenadas dos Vertices da Solução: (0,-7)(5,0)(4,-1)(5,-2)(2,-3)(3,-2)(-5,-2)(-6,-1)(-7,0)(-4,1)(-5,0)(-5,2)(-6,1)(-4,-1)(-5,0)(-2,-1)(-1,-2)(-2,-3)(-1,-4)(0,-3)(1,-2)(1,-4)(0,-3)(2,-1)(4,-3)(3,0)(3,-2)(3,-2)(0,3)(0,7)
__________________________________
Número da Execução: 7
Custo da Solução: 74.5794
Score da Solução: 498
Qualidade da Solução: 423.421
Tempo Gasto: 5929
Vertices da Solução: H0-44-43-34-28-H10-42-35-20-19-22-12-H6-18-13-15-29-36-52-H9-37-24-30-45-31-38-H8-25-62-H1
Coordenadas dos Vertices da Solução: (0,-7)(3,0)(1,0)(-2,-1)(-1,-2)(0,-1)(-1,0)(0,-1)(3,-4)(1,-4)(-2,-3)(-1,-6)(0,-5)(-1,-4)(1,-6)(0,-5)(1,-2)(2,-1)(4,1)(3,-2)(4,-1)(2,-3)(3,-2)(5,0)(5,-2)(6,-1)(4,-3)(4,-3)(0,3)(0,7)
__________________________________
Número da Execução: 8
Custo da Solução: 73.7101
Score da Solução: 744
Qualidade da Solução: 670.29
Tempo Gasto: 9223
Vertices da Solução: H0-26-32-39-33-41-H11-54-47-48-40-34-28-22-18-H4-29-19-23-52-44-25-H9-37-31-30-53-46-45-H5-38-62-H1
Coordenadas dos Vertices da Solução: (0,-7)(-5,-2)(-6,-1)(-7,0)(-4,-1)(-3,0)(-5,0)(-5,2)(-6,1)(-4,1)(-5,0)(-2,-1)(-1,-2)(-2,-3)(-1,-4)(0,-3)(1,-2)(1,-4)(0,-3)(4,1)(3,0)(4,-3)(3,-2)(4,-1)(5,-2)(3,-2)(6,1)(7,0)(5,0)(6,-1)(6,-1)(0,3)(0,7)
__________________________________
Número da Execução: 9
Custo da Solução: 74.0732
Score da Solução: 558
Qualidade da Solução: 483.927
Tempo Gasto: 4832
Vertices da Solução: H0-34-28-24-36-H4-29-19-23-51-43-44-H10-42-35-53-45-31-37-H5-46-38-32-H11-40-61-62-H1
Coordenadas dos Vertices da Solução: (0,-7)(-2,-1)(-1,-2)(2,-3)(2,-1)(0,-3)(1,-2)(1,-4)(0,-3)(2,1)(1,0)(3,0)(0,-1)(-1,0)(0,-1)(6,1)(5,0)(5,-2)(4,-1)(6,-1)(7,0)(6,-1)(-6,-1)(-5,0)(-5,0)(-2,3)(0,3)(0,7)
__________________________________
Número da Execução: 10
Custo da Solução: 74.9128
Score da Solução: 534
Qualidade da Solução: 459.087
Tempo Gasto: 4065
Vertices da Solução: H0-26-32-27-33-41-H11-53-46-45-H5-38-39-H11-47-48-40-36-29-28-H4-23-61-H1
Coordenadas dos Vertices da Solução: (0,-7)(-5,-2)(-6,-1)(-3,-2)(-4,-1)(-3,0)(-5,0)(6,1)(7,0)(5,0)(6,-1)(6,-1)(-7,0)(-5,0)(-6,1)(-4,1)(-5,0)(2,-1)(1,-2)(-1,-2)(0,-3)(0,-3)(-2,3)(0,7)
__________________________________
