Número da Execução: 1
Custo da Solução: 74.6079
Score da Solução: 492
Qualidade da Solução: 417.392
Tempo Gasto: 3797
Vertices da Solução: H0-57-58-36-H14-51-26-H6-22-23-19-38-46-45-H13-39-40-47-54-50-42-H5-43-H1
Coordenadas dos Vertices da Solução: (0,-7)(4,1)(6,1)(5,-2)(7,0)(7,0)(-4,-3)(-2,-5)(-3,-4)(-1,-4)(-2,-5)(-4,-1)(-3,0)(-5,0)(-1,0)(-2,-1)(0,-1)(-1,0)(-2,1)(5,0)(4,-1)(6,-1)(6,-1)(0,7)
__________________________________
Número da Execução: 2
Custo da Solução: 74.9489
Score da Solução: 714
Qualidade da Solução: 639.051
Tempo Gasto: 5764
Vertices da Solução: H0-36-43-50-42-57-H14-58-51-22-H8-26-33-27-39-32-46-H12-37-31-44-38-45-53-54-H16-52-59-60-H1
Coordenadas dos Vertices da Solução: (0,-7)(5,-2)(6,-1)(5,0)(4,-1)(4,1)(7,0)(6,1)(7,0)(-3,-4)(-2,-3)(-4,-3)(-1,-2)(-2,-3)(-2,-1)(-3,-2)(-3,0)(-7,0)(-6,-1)(-5,-2)(-7,0)(-4,-1)(-5,0)(-4,1)(-2,1)(-5,2)(-6,1)(-5,2)(-3,2)(0,7)
__________________________________
Número da Execução: 3
Custo da Solução: 75.0237
Score da Solução: 456
Qualidade da Solução: 380.976
Tempo Gasto: 4064
Vertices da Solução: H0-53-52-37-H16-45-59-44-17-H6-26-19-32-22-33-H7-27-23-54-41-H15-48-55-47-H1
Coordenadas dos Vertices da Solução: (0,-7)(-4,1)(-6,1)(-6,-1)(-5,2)(-5,0)(-5,2)(-7,0)(-1,-6)(-2,-5)(-4,-3)(-2,-5)(-3,-2)(-3,-4)(-1,-2)(-1,-4)(-2,-3)(-1,-4)(-2,1)(2,-1)(0,1)(1,0)(0,1)(-1,0)(0,7)
__________________________________
Número da Execução: 4
Custo da Solução: 73.9502
Score da Solução: 648
Qualidade da Solução: 574.05
Tempo Gasto: 5282
Vertices da Solução: H0-36-43-50-42-57-H14-58-51-39-22-H8-32-26-27-37-44-45-53-H16-52-59-41-34-33-H4-28-61-H1
Coordenadas dos Vertices da Solução: (0,-7)(5,-2)(6,-1)(5,0)(4,-1)(4,1)(7,0)(6,1)(7,0)(-2,-1)(-3,-4)(-2,-3)(-3,-2)(-4,-3)(-2,-3)(-6,-1)(-7,0)(-5,0)(-4,1)(-5,2)(-6,1)(-5,2)(2,-1)(1,-2)(-1,-2)(0,-3)(0,-3)(-1,2)(0,7)
__________________________________
Número da Execução: 5
Custo da Solução: 72.4285
Score da Solução: 516
Qualidade da Solução: 443.572
Tempo Gasto: 4697
Vertices da Solução: H0-50-43-58-H14-51-26-23-H6-22-19-56-48-41-H15-54-47-46-55-49-42-36-H10-35-61-H1
Coordenadas dos Vertices da Solução: (0,-7)(5,0)(6,-1)(6,1)(7,0)(7,0)(-4,-3)(-1,-4)(-2,-5)(-3,-4)(-2,-5)(2,1)(1,0)(2,-1)(0,1)(-2,1)(-1,0)(-3,0)(0,1)(3,0)(4,-1)(5,-2)(3,-2)(3,-2)(-1,2)(0,7)
__________________________________
Número da Execução: 6
Custo da Solução: 72.8422
Score da Solução: 588
Qualidade da Solução: 515.158
Tempo Gasto: 5125
Vertices da Solução: H0-52-37-45-H9-44-31-26-22-40-H11-32-27-39-33-38-60-H13-46-47-53-54-56-62-H15-61-55-48-H1
Coordenadas dos Vertices da Solução: (0,-7)(-6,1)(-6,-1)(-5,0)(-5,-2)(-7,0)(-5,-2)(-4,-3)(-3,-4)(0,-1)(-2,-1)(-3,-2)(-2,-3)(-2,-1)(-1,-2)(-4,-1)(-3,2)(-1,0)(-3,0)(-1,0)(-4,1)(-2,1)(2,1)(1,2)(0,1)(-1,2)(0,1)(1,0)(0,7)
__________________________________
Número da Execução: 7
Custo da Solução: 73.8786
Score da Solução: 558
Qualidade da Solução: 484.121
Tempo Gasto: 4731
Vertices da Solução: H0-26-22-19-34-H7-33-23-53-37-H16-44-59-45-52-38-39-H8-32-27-58-51-50-H5-43-H1
Coordenadas dos Vertices da Solução: (0,-7)(-4,-3)(-3,-4)(-2,-5)(1,-2)(-1,-4)(-1,-2)(-1,-4)(-4,1)(-6,-1)(-5,2)(-7,0)(-5,2)(-5,0)(-6,1)(-4,-1)(-2,-1)(-2,-3)(-3,-2)(-2,-3)(6,1)(7,0)(5,0)(6,-1)(6,-1)(0,7)
__________________________________
Número da Execução: 8
Custo da Solução: 76.1872
Score da Solução: 504
Qualidade da Solução: 427.813
Tempo Gasto: 4056
Vertices da Solução: H0-46-37-44-38-H9-45-31-49-29-H10-50-42-25-30-27-H6-22-19-36-41-H10-35-61-H1
Coordenadas dos Vertices da Solução: (0,-7)(-3,0)(-6,-1)(-7,0)(-4,-1)(-5,-2)(-5,0)(-5,-2)(3,0)(2,-3)(3,-2)(5,0)(4,-1)(3,-4)(4,-3)(-2,-3)(-2,-5)(-3,-4)(-2,-5)(5,-2)(2,-1)(3,-2)(3,-2)(-1,2)(0,7)
__________________________________
Número da Execução: 9
Custo da Solução: 72.3857
Score da Solução: 546
Qualidade da Solução: 473.614
Tempo Gasto: 5290
Vertices da Solução: H0-38-37-53-H12-59-44-52-39-33-H9-45-46-31-26-22-32-H7-27-19-23-48-34-41-H4-28-61-H1
Coordenadas dos Vertices da Solução: (0,-7)(-4,-1)(-6,-1)(-4,1)(-7,0)(-5,2)(-7,0)(-6,1)(-2,-1)(-1,-2)(-5,-2)(-5,0)(-3,0)(-5,-2)(-4,-3)(-3,-4)(-3,-2)(-1,-4)(-2,-3)(-2,-5)(-1,-4)(1,0)(1,-2)(2,-1)(0,-3)(0,-3)(-1,2)(0,7)
__________________________________
Número da Execução: 10
Custo da Solução: 73.1677
Score da Solução: 570
Qualidade da Solução: 496.832
Tempo Gasto: 4534
Vertices da Solução: H0-52-37-45-H9-44-31-54-60-H13-46-40-47-53-39-33-H8-26-22-27-38-32-56-H15-61-55-48-H1
Coordenadas dos Vertices da Solução: (0,-7)(-6,1)(-6,-1)(-5,0)(-5,-2)(-7,0)(-5,-2)(-2,1)(-3,2)(-1,0)(-3,0)(0,-1)(-1,0)(-4,1)(-2,-1)(-1,-2)(-2,-3)(-4,-3)(-3,-4)(-2,-3)(-4,-1)(-3,-2)(2,1)(0,1)(-1,2)(0,1)(1,0)(0,7)
__________________________________
