Número da Execução: 1
Custo da Solução: 77.4514
Score da Solução: 582
Qualidade da Solução: 504.549
Tempo Gasto: 5255
Vertices da Solução: H0-50-35-28-42-16-27-21-34-40-33-32-H2-55-54-41-48-43-59-49-44-36-37-57-60-63-H1
Coordenadas dos Vertices da Solução: (0,-7)(5,2)(3,0)(4,-1)(2,1)(4,-3)(2,-1)(3,-2)(1,0)(-2,1)(-1,0)(-3,0)(1,2)(4,3)(2,3)(0,1)(1,2)(4,1)(3,4)(3,2)(6,1)(5,0)(7,0)(-1,4)(-2,5)(-1,6)(0,7)
__________________________________
Número da Execução: 2
Custo da Solução: 77.4514
Score da Solução: 582
Qualidade da Solução: 504.549
Tempo Gasto: 6357
Vertices da Solução: H0-50-35-28-42-16-27-21-34-40-33-32-H2-55-54-41-48-43-59-49-44-36-37-57-60-63-H1
Coordenadas dos Vertices da Solução: (0,-7)(5,2)(3,0)(4,-1)(2,1)(4,-3)(2,-1)(3,-2)(1,0)(-2,1)(-1,0)(-3,0)(1,2)(4,3)(2,3)(0,1)(1,2)(4,1)(3,4)(3,2)(6,1)(5,0)(7,0)(-1,4)(-2,5)(-1,6)(0,7)
__________________________________
Número da Execução: 3
Custo da Solução: 78.8763
Score da Solução: 600
Qualidade da Solução: 521.124
Tempo Gasto: 6016
Vertices da Solução: H0-28-35-36-42-40-33-32-34-21-27-16-53-H2-55-54-41-48-50-59-49-37-44-43-56-60-63-H1
Coordenadas dos Vertices da Solução: (0,-7)(4,-1)(3,0)(5,0)(2,1)(-2,1)(-1,0)(-3,0)(1,0)(3,-2)(2,-1)(4,-3)(0,3)(1,2)(4,3)(2,3)(0,1)(1,2)(5,2)(3,4)(3,2)(7,0)(6,1)(4,1)(-3,4)(-2,5)(-1,6)(0,7)
__________________________________
Número da Execução: 4
Custo da Solução: 77.4514
Score da Solução: 582
Qualidade da Solução: 504.549
Tempo Gasto: 6090
Vertices da Solução: H0-50-35-28-42-16-27-21-34-40-33-32-H2-55-54-41-48-43-59-49-44-36-37-57-60-63-H1
Coordenadas dos Vertices da Solução: (0,-7)(5,2)(3,0)(4,-1)(2,1)(4,-3)(2,-1)(3,-2)(1,0)(-2,1)(-1,0)(-3,0)(1,2)(4,3)(2,3)(0,1)(1,2)(4,1)(3,4)(3,2)(6,1)(5,0)(7,0)(-1,4)(-2,5)(-1,6)(0,7)
__________________________________
Número da Execução: 5
Custo da Solução: 77.4514
Score da Solução: 582
Qualidade da Solução: 504.549
Tempo Gasto: 5248
Vertices da Solução: H0-50-35-28-42-16-27-21-34-40-33-32-H2-55-54-41-48-43-59-49-44-36-37-57-60-63-H1
Coordenadas dos Vertices da Solução: (0,-7)(5,2)(3,0)(4,-1)(2,1)(4,-3)(2,-1)(3,-2)(1,0)(-2,1)(-1,0)(-3,0)(1,2)(4,3)(2,3)(0,1)(1,2)(4,1)(3,4)(3,2)(6,1)(5,0)(7,0)(-1,4)(-2,5)(-1,6)(0,7)
__________________________________
Número da Execução: 6
Custo da Solução: 77.4514
Score da Solução: 582
Qualidade da Solução: 504.549
Tempo Gasto: 4965
Vertices da Solução: H0-50-35-28-42-16-27-21-34-40-33-32-H2-55-54-41-48-43-59-49-44-36-37-57-60-63-H1
Coordenadas dos Vertices da Solução: (0,-7)(5,2)(3,0)(4,-1)(2,1)(4,-3)(2,-1)(3,-2)(1,0)(-2,1)(-1,0)(-3,0)(1,2)(4,3)(2,3)(0,1)(1,2)(4,1)(3,4)(3,2)(6,1)(5,0)(7,0)(-1,4)(-2,5)(-1,6)(0,7)
__________________________________
Número da Execução: 7
Custo da Solução: 77.4514
Score da Solução: 582
Qualidade da Solução: 504.549
Tempo Gasto: 5702
Vertices da Solução: H0-50-35-28-42-16-27-21-34-40-33-32-H2-55-54-41-48-43-59-49-44-36-37-57-60-63-H1
Coordenadas dos Vertices da Solução: (0,-7)(5,2)(3,0)(4,-1)(2,1)(4,-3)(2,-1)(3,-2)(1,0)(-2,1)(-1,0)(-3,0)(1,2)(4,3)(2,3)(0,1)(1,2)(4,1)(3,4)(3,2)(6,1)(5,0)(7,0)(-1,4)(-2,5)(-1,6)(0,7)
__________________________________
Número da Execução: 8
Custo da Solução: 77.4514
Score da Solução: 582
Qualidade da Solução: 504.549
Tempo Gasto: 6255
Vertices da Solução: H0-50-35-28-42-16-27-21-34-40-33-32-H2-55-54-41-48-43-59-49-44-36-37-57-60-63-H1
Coordenadas dos Vertices da Solução: (0,-7)(5,2)(3,0)(4,-1)(2,1)(4,-3)(2,-1)(3,-2)(1,0)(-2,1)(-1,0)(-3,0)(1,2)(4,3)(2,3)(0,1)(1,2)(4,1)(3,4)(3,2)(6,1)(5,0)(7,0)(-1,4)(-2,5)(-1,6)(0,7)
__________________________________
Número da Execução: 9
Custo da Solução: 77.4514
Score da Solução: 582
Qualidade da Solução: 504.549
Tempo Gasto: 4878
Vertices da Solução: H0-50-35-28-42-16-27-21-34-40-33-32-H2-55-54-41-48-43-59-49-44-36-37-57-60-63-H1
Coordenadas dos Vertices da Solução: (0,-7)(5,2)(3,0)(4,-1)(2,1)(4,-3)(2,-1)(3,-2)(1,0)(-2,1)(-1,0)(-3,0)(1,2)(4,3)(2,3)(0,1)(1,2)(4,1)(3,4)(3,2)(6,1)(5,0)(7,0)(-1,4)(-2,5)(-1,6)(0,7)
__________________________________
Número da Execução: 10
Custo da Solução: 77.4514
Score da Solução: 582
Qualidade da Solução: 504.549
Tempo Gasto: 5349
Vertices da Solução: H0-50-35-28-42-16-27-21-34-40-33-32-H2-55-54-41-48-43-59-49-44-36-37-57-60-63-H1
Coordenadas dos Vertices da Solução: (0,-7)(5,2)(3,0)(4,-1)(2,1)(4,-3)(2,-1)(3,-2)(1,0)(-2,1)(-1,0)(-3,0)(1,2)(4,3)(2,3)(0,1)(1,2)(4,1)(3,4)(3,2)(6,1)(5,0)(7,0)(-1,4)(-2,5)(-1,6)(0,7)
__________________________________
