Número da Execução: 1
Custo da Solução: 75.3569
Score da Solução: 486
Qualidade da Solução: 410.643
Tempo Gasto: 5346
Vertices da Solução: H0-35-24-31-H7-19-20-33-46-38-H10-39-32-29-36-45-37-H13-43-52-44-51-30-26-H4-25-63-H1
Coordenadas dos Vertices da Solução: (0,-7)(-4,-1)(-2,-3)(1,-2)(-1,-4)(-3,-4)(-1,-4)(5,-2)(3,0)(2,-1)(3,-2)(4,-1)(3,-2)(-3,-2)(-2,-1)(1,0)(0,-1)(-1,0)(-3,0)(0,1)(-1,0)(-2,1)(-1,-2)(2,-3)(0,-3)(0,-3)(-2,3)(0,7)
__________________________________
Número da Execução: 2
Custo da Solução: 73.8777
Score da Solução: 498
Qualidade da Solução: 424.122
Tempo Gasto: 5895
Vertices da Solução: H0-34-23-20-H6-19-16-38-30-37-H11-35-36-50-51-57-52-58-H13-43-44-45-29-28-H8-24-63-H1
Coordenadas dos Vertices da Solução: (0,-7)(-6,-1)(-4,-3)(-1,-4)(-2,-5)(-3,-4)(-2,-5)(2,-1)(-1,-2)(0,-1)(-2,-1)(-4,-1)(-2,-1)(-4,1)(-2,1)(-3,2)(0,1)(-1,2)(-1,0)(-3,0)(-1,0)(1,0)(-3,-2)(-5,-2)(-2,-3)(-2,-3)(-2,3)(0,7)
__________________________________
Número da Execução: 3
Custo da Solução: 70.7874
Score da Solução: 528
Qualidade da Solução: 457.213
Tempo Gasto: 3956
Vertices da Solução: H0-42-43-45-H13-51-44-16-23-19-H9-34-28-24-29-50-H11-35-36-30-49-56-H12-41-63-H1
Coordenadas dos Vertices da Solução: (0,-7)(-5,0)(-3,0)(1,0)(-1,0)(-2,1)(-1,0)(-2,-5)(-4,-3)(-3,-4)(-5,-2)(-6,-1)(-5,-2)(-2,-3)(-3,-2)(-4,1)(-2,-1)(-4,-1)(-2,-1)(-1,-2)(-6,1)(-5,2)(-7,0)(-7,0)(-2,3)(0,7)
__________________________________
Número da Execução: 4
Custo da Solução: 74.31
Score da Solução: 654
Qualidade da Solução: 579.69
Tempo Gasto: 5100
Vertices da Solução: H0-42-43-50-44-H11-29-30-36-35-46-38-H10-27-39-33-32-54-47-55-H5-40-48-49-H12-41-63-H1
Coordenadas dos Vertices da Solução: (0,-7)(-5,0)(-3,0)(-4,1)(-1,0)(-2,-1)(-3,-2)(-1,-2)(-2,-1)(-4,-1)(3,0)(2,-1)(3,-2)(4,-3)(4,-1)(5,-2)(3,-2)(4,1)(5,0)(6,1)(6,-1)(6,-1)(7,0)(-6,1)(-7,0)(-7,0)(-2,3)(0,7)
__________________________________
Número da Execução: 5
Custo da Solução: 75.5978
Score da Solução: 630
Qualidade da Solução: 554.402
Tempo Gasto: 5469
Vertices da Solução: H0-17-20-16-29-50-36-30-H8-23-19-24-42-35-41-H9-34-28-47-55-H5-48-40-51-45-H13-44-43-63-H1
Coordenadas dos Vertices da Solução: (0,-7)(0,-5)(-1,-4)(-2,-5)(-3,-2)(-4,1)(-2,-1)(-1,-2)(-2,-3)(-4,-3)(-3,-4)(-2,-3)(-5,0)(-4,-1)(-7,0)(-5,-2)(-6,-1)(-5,-2)(5,0)(6,1)(6,-1)(7,0)(6,-1)(-2,1)(1,0)(-1,0)(-1,0)(-3,0)(-2,3)(0,7)
__________________________________
Número da Execução: 6
Custo da Solução: 74.4133
Score da Solução: 558
Qualidade da Solução: 483.587
Tempo Gasto: 4195
Vertices da Solução: H0-44-29-19-30-H8-23-24-42-35-34-H11-43-36-55-47-33-H5-48-40-49-H12-41-63-H1
Coordenadas dos Vertices da Solução: (0,-7)(-1,0)(-3,-2)(-3,-4)(-1,-2)(-2,-3)(-4,-3)(-2,-3)(-5,0)(-4,-1)(-6,-1)(-2,-1)(-3,0)(-2,-1)(6,1)(5,0)(5,-2)(6,-1)(7,0)(6,-1)(-6,1)(-7,0)(-7,0)(-2,3)(0,7)
__________________________________
Número da Execução: 7
Custo da Solução: 74.208
Score da Solução: 684
Qualidade da Solução: 609.792
Tempo Gasto: 5113
Vertices da Solução: H0-56-49-42-H12-34-28-41-35-50-52-H13-51-45-44-54-47-55-H5-48-40-43-29-H11-36-57-62-63-H1
Coordenadas dos Vertices da Solução: (0,-7)(-5,2)(-6,1)(-5,0)(-7,0)(-6,-1)(-5,-2)(-7,0)(-4,-1)(-4,1)(0,1)(-1,0)(-2,1)(1,0)(-1,0)(4,1)(5,0)(6,1)(6,-1)(7,0)(6,-1)(-3,0)(-3,-2)(-2,-1)(-2,-1)(-3,2)(-4,3)(-2,3)(0,7)
__________________________________
Número da Execução: 8
Custo da Solução: 73.9684
Score da Solução: 540
Qualidade da Solução: 466.032
Tempo Gasto: 4541
Vertices da Solução: H0-56-49-42-H12-34-41-47-H5-48-40-35-H11-50-43-44-36-29-24-23-19-16-H7-20-H1
Coordenadas dos Vertices da Solução: (0,-7)(-5,2)(-6,1)(-5,0)(-7,0)(-6,-1)(-7,0)(5,0)(6,-1)(7,0)(6,-1)(-4,-1)(-2,-1)(-4,1)(-3,0)(-1,0)(-2,-1)(-3,-2)(-2,-3)(-4,-3)(-3,-4)(-2,-5)(-1,-4)(-1,-4)(0,7)
__________________________________
Número da Execução: 9
Custo da Solução: 73.9914
Score da Solução: 552
Qualidade da Solução: 478.009
Tempo Gasto: 5934
Vertices da Solução: H0-18-19-16-21-17-H7-30-20-23-43-44-H8-36-29-35-24-28-34-42-H12-49-41-37-31-38-26-H4-25-63-H1
Coordenadas dos Vertices da Solução: (0,-7)(2,-5)(-3,-4)(-2,-5)(1,-4)(0,-5)(-1,-4)(-1,-2)(-1,-4)(-4,-3)(-3,0)(-1,0)(-2,-3)(-2,-1)(-3,-2)(-4,-1)(-2,-3)(-5,-2)(-6,-1)(-5,0)(-7,0)(-6,1)(-7,0)(0,-1)(1,-2)(2,-1)(2,-3)(0,-3)(0,-3)(-2,3)(0,7)
__________________________________
Número da Execução: 10
Custo da Solução: 74.4443
Score da Solução: 516
Qualidade da Solução: 441.556
Tempo Gasto: 4523
Vertices da Solução: H0-29-24-28-19-16-H7-47-39-27-46-H10-33-32-35-51-H11-50-43-42-36-44-30-25-H7-20-H1
Coordenadas dos Vertices da Solução: (0,-7)(-3,-2)(-2,-3)(-5,-2)(-3,-4)(-2,-5)(-1,-4)(5,0)(4,-1)(4,-3)(3,0)(3,-2)(5,-2)(3,-2)(-4,-1)(-2,1)(-2,-1)(-4,1)(-3,0)(-5,0)(-2,-1)(-1,0)(-1,-2)(0,-3)(-1,-4)(-1,-4)(0,7)
__________________________________
