Número da Execução: 1
Custo da Solução: 75.0624
Score da Solução: 564
Qualidade da Solução: 488.938
Tempo Gasto: 4538
Vertices da Solução: H0-43-50-51-62-H16-35-49-41-48-46-54-53-H14-40-47-61-55-39-56-42-H16-57-63-58-H1
Coordenadas dos Vertices da Solução: (0,-7)(6,-1)(5,0)(7,0)(1,2)(3,2)(3,-2)(3,0)(2,-1)(1,0)(-3,0)(-2,1)(-4,1)(0,1)(0,-1)(-1,0)(-1,2)(0,1)(-2,-1)(2,1)(4,-1)(3,2)(4,1)(3,2)(6,1)(0,7)
__________________________________
Número da Execução: 2
Custo da Solução: 77.664
Score da Solução: 534
Qualidade da Solução: 456.336
Tempo Gasto: 5485
Vertices da Solução: H0-19-22-41-28-40-24-20-H6-33-23-47-52-46-38-H15-44-60-59-37-53-45-H7-26-27-32-61-H1
Coordenadas dos Vertices da Solução: (0,-7)(-2,-5)(-3,-4)(2,-1)(0,-3)(0,-1)(1,-4)(0,-5)(-1,-4)(-1,-2)(-1,-4)(-1,0)(-6,1)(-3,0)(-4,-1)(-5,2)(-7,0)(-3,2)(-5,2)(-6,-1)(-4,1)(-5,0)(-2,-3)(-4,-3)(-2,-3)(-3,-2)(-1,2)(0,7)
__________________________________
Número da Execução: 3
Custo da Solução: 70.2102
Score da Solução: 534
Qualidade da Solução: 463.79
Tempo Gasto: 4795
Vertices da Solução: H0-21-51-58-H11-50-43-63-49-62-56-47-H9-48-42-57-35-41-30-29-24-H4-25-36-61-H1
Coordenadas dos Vertices da Solução: (0,-7)(2,-5)(7,0)(6,1)(6,-1)(5,0)(6,-1)(3,2)(3,0)(1,2)(2,1)(-1,0)(3,-2)(1,0)(4,-1)(4,1)(3,-2)(2,-1)(4,-3)(2,-3)(1,-4)(3,-4)(3,-4)(5,-2)(-1,2)(0,7)
__________________________________
Número da Execução: 4
Custo da Solução: 70.2339
Score da Solução: 642
Qualidade da Solução: 571.766
Tempo Gasto: 4151
Vertices da Solução: H0-21-42-51-57-58-36-H11-50-43-37-38-32-H10-54-46-47-39-60-53-45-H15-52-59-44-H1
Coordenadas dos Vertices da Solução: (0,-7)(2,-5)(4,-1)(7,0)(4,1)(6,1)(5,-2)(6,-1)(5,0)(6,-1)(-6,-1)(-4,-1)(-3,-2)(-2,-1)(-2,1)(-3,0)(-1,0)(-2,-1)(-3,2)(-4,1)(-5,0)(-5,2)(-6,1)(-5,2)(-7,0)(0,7)
__________________________________
Número da Execução: 5
Custo da Solução: 74.7444
Score da Solução: 480
Qualidade da Solução: 405.256
Tempo Gasto: 4020
Vertices da Solução: H0-53-46-52-45-54-H10-32-39-37-38-44-H5-26-17-19-47-33-22-H6-28-23-27-60-H1
Coordenadas dos Vertices da Solução: (0,-7)(-4,1)(-3,0)(-6,1)(-5,0)(-2,1)(-2,-1)(-3,-2)(-2,-1)(-6,-1)(-4,-1)(-7,0)(-2,-5)(-4,-3)(-1,-6)(-2,-5)(-1,0)(-1,-2)(-3,-4)(-1,-4)(0,-3)(-1,-4)(-2,-3)(-3,2)(0,7)
__________________________________
Número da Execução: 6
Custo da Solução: 75.3854
Score da Solução: 702
Qualidade da Solução: 626.615
Tempo Gasto: 5113
Vertices da Solução: H0-35-36-30-43-57-50-42-H13-58-51-39-38-32-22-H8-45-26-31-46-37-53-60-H15-52-59-44-H1
Coordenadas dos Vertices da Solução: (0,-7)(3,-2)(5,-2)(4,-3)(6,-1)(4,1)(5,0)(4,-1)(7,0)(6,1)(7,0)(-2,-1)(-4,-1)(-3,-2)(-3,-4)(-5,-2)(-5,0)(-4,-3)(-5,-2)(-3,0)(-6,-1)(-4,1)(-3,2)(-5,2)(-6,1)(-5,2)(-7,0)(0,7)
__________________________________
Número da Execução: 7
Custo da Solução: 75.1191
Score da Solução: 552
Qualidade da Solução: 476.881
Tempo Gasto: 4701
Vertices da Solução: H0-50-42-25-30-49-H9-36-35-37-38-31-H10-45-46-47-39-53-22-33-H7-26-27-32-61-H1
Coordenadas dos Vertices da Solução: (0,-7)(5,0)(4,-1)(3,-4)(4,-3)(3,0)(3,-2)(5,-2)(3,-2)(-6,-1)(-4,-1)(-5,-2)(-2,-1)(-5,0)(-3,0)(-1,0)(-2,-1)(-4,1)(-3,-4)(-1,-2)(-2,-3)(-4,-3)(-2,-3)(-3,-2)(-1,2)(0,7)
__________________________________
Número da Execução: 8
Custo da Solução: 76.4092
Score da Solução: 498
Qualidade da Solução: 421.591
Tempo Gasto: 4657
Vertices da Solução: H0-31-22-32-27-39-H5-38-26-23-19-37-45-53-H15-44-59-52-35-21-H4-29-25-30-H1
Coordenadas dos Vertices da Solução: (0,-7)(-5,-2)(-3,-4)(-3,-2)(-2,-3)(-2,-1)(-2,-5)(-4,-1)(-4,-3)(-1,-4)(-2,-5)(-6,-1)(-5,0)(-4,1)(-5,2)(-7,0)(-5,2)(-6,1)(3,-2)(2,-5)(3,-4)(2,-3)(3,-4)(4,-3)(0,7)
__________________________________
Número da Execução: 9
Custo da Solução: 74.5253
Score da Solução: 450
Qualidade da Solução: 375.475
Tempo Gasto: 4134
Vertices da Solução: H0-58-30-H13-49-51-57-25-H11-50-63-43-56-41-48-29-H9-36-35-42-H1
Coordenadas dos Vertices da Solução: (0,-7)(6,1)(4,-3)(7,0)(3,0)(7,0)(4,1)(3,-4)(6,-1)(5,0)(3,2)(6,-1)(2,1)(2,-1)(1,0)(2,-3)(3,-2)(5,-2)(3,-2)(4,-1)(0,7)
__________________________________
Número da Execução: 10
Custo da Solução: 76.7033
Score da Solução: 534
Qualidade da Solução: 457.297
Tempo Gasto: 5117
Vertices da Solução: H0-43-30-34-29-41-H4-42-35-36-25-58-57-49-H16-50-63-31-26-27-H5-19-23-22-32-61-H1
Coordenadas dos Vertices da Solução: (0,-7)(6,-1)(4,-3)(1,-2)(2,-3)(2,-1)(3,-4)(4,-1)(3,-2)(5,-2)(3,-4)(6,1)(4,1)(3,0)(3,2)(5,0)(3,2)(-5,-2)(-4,-3)(-2,-3)(-2,-5)(-2,-5)(-1,-4)(-3,-4)(-3,-2)(-1,2)(0,7)
__________________________________
