Número da Execução: 1
Custo da Solução: 72.9736
Score da Solução: 486
Qualidade da Solução: 413.026
Tempo Gasto: 4118
Vertices da Solução: H0-45-59-H5-53-52-36-37-24-H8-30-20-58-51-H4-44-63-31-H9-38-25-42-H11-35-62-H1
Coordenadas dos Vertices da Solução: (0,-7)(5,0)(5,2)(4,1)(6,1)(4,1)(2,-1)(4,-1)(2,-3)(3,-4)(3,-2)(3,-4)(3,2)(2,1)(2,3)(3,0)(2,3)(5,-2)(4,-3)(6,-1)(4,-3)(-1,0)(0,-1)(0,-1)(0,3)(0,7)
__________________________________
Número da Execução: 2
Custo da Solução: 73.2403
Score da Solução: 618
Qualidade da Solução: 544.76
Tempo Gasto: 6567
Vertices da Solução: H0-38-45-59-H5-53-52-43-34-H11-42-35-41-28-19-H7-18-15-29-44-24-H10-31-25-30-36-37-51-57-H4-63-58-H1
Coordenadas dos Vertices da Solução: (0,-7)(6,-1)(5,0)(5,2)(4,1)(6,1)(4,1)(1,0)(-2,-1)(0,-1)(-1,0)(0,-1)(-3,0)(-1,-2)(1,-4)(0,-5)(-1,-4)(0,-5)(1,-2)(3,0)(2,-3)(3,-2)(5,-2)(4,-3)(3,-2)(2,-1)(4,-1)(2,1)(1,2)(2,3)(2,3)(3,2)(0,7)
__________________________________
Número da Execução: 3
Custo da Solução: 74.3383
Score da Solução: 612
Qualidade da Solução: 537.662
Tempo Gasto: 5811
Vertices da Solução: H0-36-25-24-H8-30-20-31-44-58-H4-52-63-50-42-29-H11-37-46-38-59-H6-45-53-51-43-34-H11-35-62-H1
Coordenadas dos Vertices da Solução: (0,-7)(2,-1)(4,-3)(2,-3)(3,-4)(3,-2)(3,-4)(5,-2)(3,0)(3,2)(2,3)(4,1)(2,3)(0,1)(-1,0)(1,-2)(0,-1)(4,-1)(7,0)(6,-1)(5,2)(6,1)(5,0)(6,1)(2,1)(1,0)(-2,-1)(0,-1)(0,-1)(0,3)(0,7)
__________________________________
Número da Execução: 4
Custo da Solução: 74.7033
Score da Solução: 630
Qualidade da Solução: 555.297
Tempo Gasto: 6114
Vertices da Solução: H0-52-58-51-H4-41-42-49-34-28-H11-43-35-29-36-30-H4-44-46-38-31-H6-45-53-59-37-57-H4-63-61-H1
Coordenadas dos Vertices da Solução: (0,-7)(4,1)(3,2)(2,1)(2,3)(-3,0)(-1,0)(-2,1)(-2,-1)(-1,-2)(0,-1)(1,0)(0,-1)(1,-2)(2,-1)(3,-2)(2,3)(3,0)(7,0)(6,-1)(5,-2)(6,1)(5,0)(6,1)(5,2)(4,-1)(1,2)(2,3)(2,3)(-2,3)(0,7)
__________________________________
Número da Execução: 5
Custo da Solução: 74.4129
Score da Solução: 516
Qualidade da Solução: 441.587
Tempo Gasto: 5202
Vertices da Solução: H0-38-20-H9-36-25-43-50-H11-42-28-35-34-29-19-H7-18-15-44-24-H10-31-30-45-37-52-H4-63-58-H1
Coordenadas dos Vertices da Solução: (0,-7)(6,-1)(3,-4)(4,-3)(2,-1)(4,-3)(1,0)(0,1)(0,-1)(-1,0)(-1,-2)(0,-1)(-2,-1)(1,-2)(1,-4)(0,-5)(-1,-4)(0,-5)(3,0)(2,-3)(3,-2)(5,-2)(3,-2)(5,0)(4,-1)(4,1)(2,3)(2,3)(3,2)(0,7)
__________________________________
Número da Execução: 6
Custo da Solução: 74.5648
Score da Solução: 528
Qualidade da Solução: 453.435
Tempo Gasto: 4359
Vertices da Solução: H0-31-29-H8-51-37-38-H10-36-30-19-24-35-H8-25-20-44-43-H5-45-52-58-46-59-H6-53-H1
Coordenadas dos Vertices da Solução: (0,-7)(5,-2)(1,-2)(3,-4)(2,1)(4,-1)(6,-1)(3,-2)(2,-1)(3,-2)(1,-4)(2,-3)(0,-1)(3,-4)(4,-3)(3,-4)(3,0)(1,0)(4,1)(5,0)(4,1)(3,2)(7,0)(5,2)(6,1)(6,1)(0,7)
__________________________________
Número da Execução: 7
Custo da Solução: 75.2045
Score da Solução: 546
Qualidade da Solução: 470.795
Tempo Gasto: 5216
Vertices da Solução: H0-58-51-57-H4-52-63-45-H10-37-36-30-44-25-24-H8-31-20-43-29-H11-42-35-46-38-H6-53-H1
Coordenadas dos Vertices da Solução: (0,-7)(3,2)(2,1)(1,2)(2,3)(4,1)(2,3)(5,0)(3,-2)(4,-1)(2,-1)(3,-2)(3,0)(4,-3)(2,-3)(3,-4)(5,-2)(3,-4)(1,0)(1,-2)(0,-1)(-1,0)(0,-1)(7,0)(6,-1)(6,1)(6,1)(0,7)
__________________________________
Número da Execução: 8
Custo da Solução: 75.2272
Score da Solução: 582
Qualidade da Solução: 506.773
Tempo Gasto: 5878
Vertices da Solução: H0-58-51-H4-46-45-44-59-H5-53-52-43-34-28-H11-42-35-20-25-36-H10-31-30-37-57-50-H4-63-61-H1
Coordenadas dos Vertices da Solução: (0,-7)(3,2)(2,1)(2,3)(7,0)(5,0)(3,0)(5,2)(4,1)(6,1)(4,1)(1,0)(-2,-1)(-1,-2)(0,-1)(-1,0)(0,-1)(3,-4)(4,-3)(2,-1)(3,-2)(5,-2)(3,-2)(4,-1)(1,2)(0,1)(2,3)(2,3)(-2,3)(0,7)
__________________________________
Número da Execução: 9
Custo da Solução: 73.5477
Score da Solução: 642
Qualidade da Solução: 568.452
Tempo Gasto: 5453
Vertices da Solução: H0-42-36-29-H11-46-45-44-H5-53-52-38-31-37-30-24-H8-25-20-27-34-28-H11-43-35-51-58-59-H4-63-61-H1
Coordenadas dos Vertices da Solução: (0,-7)(-1,0)(2,-1)(1,-2)(0,-1)(7,0)(5,0)(3,0)(4,1)(6,1)(4,1)(6,-1)(5,-2)(4,-1)(3,-2)(2,-3)(3,-4)(4,-3)(3,-4)(-3,-2)(-2,-1)(-1,-2)(0,-1)(1,0)(0,-1)(2,1)(3,2)(5,2)(2,3)(2,3)(-2,3)(0,7)
__________________________________
Número da Execução: 10
Custo da Solução: 71.731
Score da Solução: 480
Qualidade da Solução: 408.269
Tempo Gasto: 4376
Vertices da Solução: H0-46-H6-59-53-24-29-H8-30-20-58-51-H4-44-63-31-H9-38-25-45-37-H5-52-62-H1
Coordenadas dos Vertices da Solução: (0,-7)(7,0)(6,1)(5,2)(6,1)(2,-3)(1,-2)(3,-4)(3,-2)(3,-4)(3,2)(2,1)(2,3)(3,0)(2,3)(5,-2)(4,-3)(6,-1)(4,-3)(5,0)(4,-1)(4,1)(4,1)(0,3)(0,7)
__________________________________
