Número da Execução: 1
Custo da Solução: 76.3477
Score da Solução: 552
Qualidade da Solução: 475.652
Tempo Gasto: 5197
Vertices da Solução: H0-41-57-56-62-H4-63-42-49-29-24-H11-36-35-25-30-28-H8-19-23-27-34-H15-43-51-50-48-H6-58-H1
Coordenadas dos Vertices da Solução: (0,-7)(2,-1)(4,1)(2,1)(1,2)(2,3)(3,2)(4,-1)(3,0)(2,-3)(1,-4)(3,-2)(5,-2)(3,-2)(3,-4)(4,-3)(0,-3)(-1,-4)(-2,-5)(-1,-4)(-2,-3)(1,-2)(7,0)(6,-1)(7,0)(5,0)(1,0)(6,1)(6,1)(0,7)
__________________________________
Número da Execução: 2
Custo da Solução: 73.1859
Score da Solução: 594
Qualidade da Solução: 520.814
Tempo Gasto: 6060
Vertices da Solução: H0-29-42-30-25-H11-43-50-51-58-63-H5-49-57-22-H8-27-23-56-41-34-H11-36-35-47-48-62-H16-55-61-H1
Coordenadas dos Vertices da Solução: (0,-7)(2,-3)(4,-1)(4,-3)(3,-4)(3,-2)(6,-1)(5,0)(7,0)(6,1)(3,2)(4,1)(3,0)(4,1)(-3,-4)(-1,-4)(-2,-3)(-1,-4)(2,1)(2,-1)(1,-2)(3,-2)(5,-2)(3,-2)(-1,0)(1,0)(1,2)(0,1)(0,1)(-1,2)(0,7)
__________________________________
Número da Execução: 3
Custo da Solução: 72.8817
Score da Solução: 606
Qualidade da Solução: 533.118
Tempo Gasto: 5635
Vertices da Solução: H0-31-26-23-H7-22-19-54-55-H14-46-47-48-39-33-28-H9-32-27-36-30-H13-51-43-42-50-58-49-H5-57-H1
Coordenadas dos Vertices da Solução: (0,-7)(-5,-2)(-4,-3)(-1,-4)(-2,-5)(-3,-4)(-2,-5)(-2,1)(0,1)(-1,0)(-3,0)(-1,0)(1,0)(-2,-1)(-1,-2)(0,-3)(-2,-3)(-3,-2)(-2,-3)(5,-2)(4,-3)(6,-1)(7,0)(6,-1)(4,-1)(5,0)(6,1)(3,0)(4,1)(4,1)(0,7)
__________________________________
Número da Execução: 4
Custo da Solução: 75.4149
Score da Solução: 528
Qualidade da Solução: 452.585
Tempo Gasto: 5234
Vertices da Solução: H0-26-33-H7-32-19-22-24-H8-28-23-27-56-H6-57-58-50-49-30-H13-51-43-42-36-63-62-H4-61-H1
Coordenadas dos Vertices da Solução: (0,-7)(-4,-3)(-1,-2)(-2,-5)(-3,-2)(-2,-5)(-3,-4)(1,-4)(-1,-4)(0,-3)(-1,-4)(-2,-3)(2,1)(6,1)(4,1)(6,1)(5,0)(3,0)(4,-3)(6,-1)(7,0)(6,-1)(4,-1)(5,-2)(3,2)(1,2)(2,3)(-1,2)(0,7)
__________________________________
Número da Execução: 5
Custo da Solução: 75.391
Score da Solução: 600
Qualidade da Solução: 524.609
Tempo Gasto: 5945
Vertices da Solução: H0-46-60-61-H14-45-32-33-26-H9-22-27-34-40-41-H14-39-47-53-54-56-H16-48-55-43-50-58-H5-57-63-H1
Coordenadas dos Vertices da Solução: (0,-7)(-3,0)(-3,2)(-1,2)(-1,0)(-5,0)(-3,-2)(-1,-2)(-4,-3)(-2,-3)(-3,-4)(-2,-3)(1,-2)(0,-1)(2,-1)(-1,0)(-2,-1)(-1,0)(-4,1)(-2,1)(2,1)(0,1)(1,0)(0,1)(6,-1)(5,0)(6,1)(4,1)(4,1)(3,2)(0,7)
__________________________________
Número da Execução: 6
Custo da Solução: 72.4228
Score da Solução: 582
Qualidade da Solução: 509.577
Tempo Gasto: 5883
Vertices da Solução: H0-38-39-54-H14-46-47-48-32-H7-26-19-22-33-H8-28-23-27-42-H6-51-58-43-50-49-63-56-H5-57-H1
Coordenadas dos Vertices da Solução: (0,-7)(-4,-1)(-2,-1)(-2,1)(-1,0)(-3,0)(-1,0)(1,0)(-3,-2)(-2,-5)(-4,-3)(-2,-5)(-3,-4)(-1,-2)(-1,-4)(0,-3)(-1,-4)(-2,-3)(4,-1)(6,1)(7,0)(6,1)(6,-1)(5,0)(3,0)(3,2)(2,1)(4,1)(4,1)(0,7)
__________________________________
Número da Execução: 7
Custo da Solução: 77.3772
Score da Solução: 534
Qualidade da Solução: 456.623
Tempo Gasto: 4666
Vertices da Solução: H0-46-32-38-H9-39-27-45-37-44-H10-31-42-50-36-H13-43-22-28-H8-19-23-51-H6-58-H1
Coordenadas dos Vertices da Solução: (0,-7)(-3,0)(-3,-2)(-4,-1)(-2,-3)(-2,-1)(-2,-3)(-5,0)(-6,-1)(-7,0)(-5,-2)(-5,-2)(4,-1)(5,0)(5,-2)(6,-1)(6,-1)(-3,-4)(0,-3)(-1,-4)(-2,-5)(-1,-4)(7,0)(6,1)(6,1)(0,7)
__________________________________
Número da Execução: 8
Custo da Solução: 74.6807
Score da Solução: 534
Qualidade da Solução: 459.319
Tempo Gasto: 4619
Vertices da Solução: H0-53-45-37-H12-43-58-H15-51-31-H12-46-38-36-H11-42-41-35-30-50-49-H5-57-H1
Coordenadas dos Vertices da Solução: (0,-7)(-4,1)(-5,0)(-6,-1)(-4,-1)(6,-1)(6,1)(7,0)(7,0)(-5,-2)(-4,-1)(-3,0)(-4,-1)(5,-2)(3,-2)(4,-1)(2,-1)(3,-2)(4,-3)(5,0)(3,0)(4,1)(4,1)(0,7)
__________________________________
Número da Execução: 9
Custo da Solução: 75.473
Score da Solução: 582
Qualidade da Solução: 506.527
Tempo Gasto: 5048
Vertices da Solução: H0-38-37-45-H10-44-31-54-39-H14-46-47-22-33-H8-27-23-61-56-H16-48-55-43-50-58-H5-57-62-H1
Coordenadas dos Vertices da Solução: (0,-7)(-4,-1)(-6,-1)(-5,0)(-5,-2)(-7,0)(-5,-2)(-2,1)(-2,-1)(-1,0)(-3,0)(-1,0)(-3,-4)(-1,-2)(-1,-4)(-2,-3)(-1,-4)(-1,2)(2,1)(0,1)(1,0)(0,1)(6,-1)(5,0)(6,1)(4,1)(4,1)(1,2)(0,7)
__________________________________
Número da Execução: 10
Custo da Solução: 71.3986
Score da Solução: 690
Qualidade da Solução: 618.601
Tempo Gasto: 4567
Vertices da Solução: H0-53-46-39-H14-54-47-44-37-31-H12-45-38-48-41-29-H11-36-35-42-30-H15-43-51-49-50-57-H6-58-H1
Coordenadas dos Vertices da Solução: (0,-7)(-4,1)(-3,0)(-2,-1)(-1,0)(-2,1)(-1,0)(-7,0)(-6,-1)(-5,-2)(-4,-1)(-5,0)(-4,-1)(1,0)(2,-1)(2,-3)(3,-2)(5,-2)(3,-2)(4,-1)(4,-3)(7,0)(6,-1)(7,0)(3,0)(5,0)(4,1)(6,1)(6,1)(0,7)
__________________________________
