Número da Execução: 1
Custo da Solução: 74.1836
Score da Solução: 456
Qualidade da Solução: 381.816
Tempo Gasto: 4327
Vertices da Solução: H0-37-30-51-45-44-H6-26-32-20-40-25-21-H5-16-19-15-12-31-47-H6-23-24-38-39-H1
Coordenadas dos Vertices da Solução: (0,-7)(-3,0)(-2,-1)(-3,2)(-2,1)(-4,1)(-1,-2)(3,-2)(2,-1)(2,-3)(3,0)(1,-2)(4,-3)(1,-4)(3,-4)(0,-3)(1,-4)(2,-5)(0,-1)(2,1)(-1,-2)(-3,-2)(-1,-2)(-1,0)(1,0)(0,7)
__________________________________
Número da Execução: 2
Custo da Solução: 76.6358
Score da Solução: 498
Qualidade da Solução: 421.364
Tempo Gasto: 4838
Vertices da Solução: H0-37-30-31-17-13-H6-29-23-18-24-39-38-45-H4-34-21-42-27-25-H4-20-16-26-62-H1
Coordenadas dos Vertices da Solução: (0,-7)(-3,0)(-2,-1)(0,-1)(-4,-3)(-3,-4)(-1,-2)(-4,-1)(-3,-2)(-2,-3)(-1,-2)(1,0)(-1,0)(-2,1)(3,-4)(6,-1)(4,-3)(7,0)(5,-2)(1,-2)(3,-4)(2,-3)(3,-4)(3,-2)(-1,4)(0,7)
__________________________________
Número da Execução: 3
Custo da Solução: 74.189
Score da Solução: 420
Qualidade da Solução: 345.811
Tempo Gasto: 4481
Vertices da Solução: H0-42-27-34-H4-33-20-31-19-38-30-14-H5-24-26-15-39-25-32-H4-12-16-21-H1
Coordenadas dos Vertices da Solução: (0,-7)(7,0)(5,-2)(6,-1)(3,-4)(4,-1)(2,-3)(0,-1)(0,-3)(-1,0)(-2,-1)(-1,-4)(1,-4)(-1,-2)(3,-2)(1,-4)(1,0)(1,-2)(2,-1)(3,-4)(2,-5)(3,-4)(4,-3)(0,7)
__________________________________
Número da Execução: 4
Custo da Solução: 72.8644
Score da Solução: 618
Qualidade da Solução: 545.136
Tempo Gasto: 5008
Vertices da Solução: H0-37-29-30-17-18-23-H6-46-38-45-24-54-48-26-H7-42-55-41-21-27-49-H7-34-33-40-62-H1
Coordenadas dos Vertices da Solução: (0,-7)(-3,0)(-4,-1)(-2,-1)(-4,-3)(-2,-3)(-3,-2)(-1,-2)(0,1)(-1,0)(-2,1)(-1,-2)(3,2)(4,1)(3,-2)(4,-1)(7,0)(5,2)(5,0)(4,-3)(5,-2)(6,1)(4,-1)(6,-1)(4,-1)(3,0)(-1,4)(0,7)
__________________________________
Número da Execução: 5
Custo da Solução: 75.7492
Score da Solução: 492
Qualidade da Solução: 416.251
Tempo Gasto: 5444
Vertices da Solução: H0-37-30-22-23-29-18-H6-38-39-24-40-25-12-11-H5-19-20-31-15-26-21-34-H4-16-27-62-H1
Coordenadas dos Vertices da Solução: (0,-7)(-3,0)(-2,-1)(-5,-2)(-3,-2)(-4,-1)(-2,-3)(-1,-2)(-1,0)(1,0)(-1,-2)(3,0)(1,-2)(2,-5)(0,-5)(1,-4)(0,-3)(2,-3)(0,-1)(1,-4)(3,-2)(4,-3)(6,-1)(3,-4)(3,-4)(5,-2)(-1,4)(0,7)
__________________________________
Número da Execução: 6
Custo da Solução: 71.8309
Score da Solução: 462
Qualidade da Solução: 390.169
Tempo Gasto: 4581
Vertices da Solução: H0-12-27-26-38-H4-21-39-16-32-25-31-H5-24-20-19-15-47-40-48-H7-34-33-41-H1
Coordenadas dos Vertices da Solução: (0,-7)(2,-5)(5,-2)(3,-2)(-1,0)(3,-4)(4,-3)(1,0)(3,-4)(2,-1)(1,-2)(0,-1)(1,-4)(-1,-2)(2,-3)(0,-3)(1,-4)(2,1)(3,0)(4,1)(4,-1)(6,-1)(4,-1)(5,0)(0,7)
__________________________________
Número da Execução: 7
Custo da Solução: 72.0546
Score da Solução: 534
Qualidade da Solução: 461.945
Tempo Gasto: 4457
Vertices da Solução: H0-12-27-55-25-H7-21-16-34-20-26-39-H7-42-41-60-49-54-H7-48-33-32-40-47-H1
Coordenadas dos Vertices da Solução: (0,-7)(2,-5)(5,-2)(5,2)(1,-2)(4,-1)(4,-3)(3,-4)(6,-1)(2,-3)(3,-2)(1,0)(4,-1)(7,0)(5,0)(4,3)(6,1)(3,2)(4,-1)(4,1)(4,-1)(2,-1)(3,0)(2,1)(0,7)
__________________________________
Número da Execução: 8
Custo da Solução: 75.8443
Score da Solução: 528
Qualidade da Solução: 452.156
Tempo Gasto: 4944
Vertices da Solução: H0-48-41-42-54-H7-49-21-31-20-25-12-H4-26-16-39-27-55-H7-34-33-32-40-47-H1
Coordenadas dos Vertices da Solução: (0,-7)(4,1)(5,0)(7,0)(3,2)(4,-1)(6,1)(4,-3)(0,-1)(2,-3)(1,-2)(2,-5)(3,-4)(3,-2)(3,-4)(1,0)(5,-2)(5,2)(4,-1)(6,-1)(4,-1)(2,-1)(3,0)(2,1)(0,7)
__________________________________
Número da Execução: 9
Custo da Solução: 74.4986
Score da Solução: 492
Qualidade da Solução: 417.501
Tempo Gasto: 3952
Vertices da Solução: H0-12-27-39-32-48-H4-25-21-31-20-40-H4-26-15-16-55-49-42-H7-34-33-41-H1
Coordenadas dos Vertices da Solução: (0,-7)(2,-5)(5,-2)(1,0)(2,-1)(4,1)(3,-4)(1,-2)(4,-3)(0,-1)(2,-3)(3,0)(3,-4)(3,-2)(1,-4)(3,-4)(5,2)(6,1)(7,0)(4,-1)(6,-1)(4,-1)(5,0)(0,7)
__________________________________
Número da Execução: 10
Custo da Solução: 73.5828
Score da Solução: 588
Qualidade da Solução: 514.417
Tempo Gasto: 4635
Vertices da Solução: H0-12-21-42-27-15-H4-25-26-20-16-17-18-23-H6-37-30-29-24-32-40-48-49-H7-34-33-41-H1
Coordenadas dos Vertices da Solução: (0,-7)(2,-5)(4,-3)(7,0)(5,-2)(1,-4)(3,-4)(1,-2)(3,-2)(2,-3)(3,-4)(-4,-3)(-2,-3)(-3,-2)(-1,-2)(-3,0)(-2,-1)(-4,-1)(-1,-2)(2,-1)(3,0)(4,1)(6,1)(4,-1)(6,-1)(4,-1)(5,0)(0,7)
__________________________________
