Número da Execução: 1
Custo da Solução: 76.6428
Score da Solução: 822
Qualidade da Solução: 745.357
Tempo Gasto: 5592
Vertices da Solução: H0-47-33-48-32-41-40-26-H5-38-31-39-25-17-22-16-28-44-36-29-H6-49-42-43-35-21-27-34-55-60-61-62-H1
Coordenadas dos Vertices da Solução: (0,-7)(4,1)(6,-1)(6,1)(4,-1)(7,0)(5,0)(5,-2)(3,-2)(1,0)(2,-1)(3,0)(3,-2)(-2,-3)(-3,-2)(-4,-3)(-4,-1)(-2,1)(-3,0)(-2,-1)(-5,0)(-5,2)(-6,1)(-4,1)(-5,0)(-5,-2)(-6,-1)(-7,0)(-4,3)(-3,4)(-1,4)(1,4)(0,7)
__________________________________
Número da Execução: 2
Custo da Solução: 73.8756
Score da Solução: 468
Qualidade da Solução: 394.124
Tempo Gasto: 4157
Vertices da Solução: H0-11-20-29-24-37-H4-38-19-30-15-14-26-33-H5-47-39-31-25-48-32-40-H1
Coordenadas dos Vertices da Solução: (0,-7)(2,-5)(4,-3)(-2,-1)(1,-2)(-1,0)(3,-4)(1,0)(2,-3)(0,-1)(3,-4)(1,-4)(5,-2)(6,-1)(3,-2)(4,1)(3,0)(2,-1)(3,-2)(6,1)(4,-1)(5,0)(0,7)
__________________________________
Número da Execução: 3
Custo da Solução: 76.8701
Score da Solução: 822
Qualidade da Solução: 745.13
Tempo Gasto: 6119
Vertices da Solução: H0-48-33-47-32-41-40-26-H5-38-31-39-25-17-22-16-28-44-36-29-H6-49-42-43-35-21-27-34-55-60-61-62-H1
Coordenadas dos Vertices da Solução: (0,-7)(6,1)(6,-1)(4,1)(4,-1)(7,0)(5,0)(5,-2)(3,-2)(1,0)(2,-1)(3,0)(3,-2)(-2,-3)(-3,-2)(-4,-3)(-4,-1)(-2,1)(-3,0)(-2,-1)(-5,0)(-5,2)(-6,1)(-4,1)(-5,0)(-5,-2)(-6,-1)(-7,0)(-4,3)(-3,4)(-1,4)(1,4)(0,7)
__________________________________
Número da Execução: 4
Custo da Solução: 76.6428
Score da Solução: 822
Qualidade da Solução: 745.357
Tempo Gasto: 6371
Vertices da Solução: H0-47-33-48-32-41-40-26-H5-38-31-39-25-17-22-16-28-44-36-29-H6-49-42-43-35-21-27-34-55-60-61-62-H1
Coordenadas dos Vertices da Solução: (0,-7)(4,1)(6,-1)(6,1)(4,-1)(7,0)(5,0)(5,-2)(3,-2)(1,0)(2,-1)(3,0)(3,-2)(-2,-3)(-3,-2)(-4,-3)(-4,-1)(-2,1)(-3,0)(-2,-1)(-5,0)(-5,2)(-6,1)(-4,1)(-5,0)(-5,-2)(-6,-1)(-7,0)(-4,3)(-3,4)(-1,4)(1,4)(0,7)
__________________________________
Número da Execução: 5
Custo da Solução: 75.7962
Score da Solução: 546
Qualidade da Solução: 470.204
Tempo Gasto: 5569
Vertices da Solução: H0-11-34-36-37-17-H6-29-49-55-42-44-43-50-56-H6-28-22-35-16-27-21-60-61-H1
Coordenadas dos Vertices da Solução: (0,-7)(2,-5)(-7,0)(-3,0)(-1,0)(-2,-3)(-5,0)(-2,-1)(-5,2)(-4,3)(-6,1)(-2,1)(-4,1)(-3,2)(-2,3)(-5,0)(-4,-1)(-3,-2)(-5,0)(-4,-3)(-6,-1)(-5,-2)(-3,4)(-1,4)(0,7)
__________________________________
Número da Execução: 6
Custo da Solução: 76.7946
Score da Solução: 600
Qualidade da Solução: 523.205
Tempo Gasto: 4380
Vertices da Solução: H0-38-31-39-20-32-25-40-11-H4-26-24-15-19-34-36-H6-49-42-28-35-43-27-21-61-H1
Coordenadas dos Vertices da Solução: (0,-7)(1,0)(2,-1)(3,0)(4,-3)(4,-1)(3,-2)(5,0)(2,-5)(3,-4)(5,-2)(1,-2)(3,-4)(2,-3)(-7,0)(-3,0)(-5,0)(-5,2)(-6,1)(-4,-1)(-5,0)(-4,1)(-6,-1)(-5,-2)(-1,4)(0,7)
__________________________________
Número da Execução: 7
Custo da Solução: 76.6766
Score da Solução: 516
Qualidade da Solução: 439.323
Tempo Gasto: 4956
Vertices da Solução: H0-40-32-54-33-24-14-H5-46-31-38-25-47-39-19-30-11-H4-20-15-48-26-41-H1
Coordenadas dos Vertices da Solução: (0,-7)(5,0)(4,-1)(5,2)(6,-1)(1,-2)(1,-4)(3,-2)(2,1)(2,-1)(1,0)(3,-2)(4,1)(3,0)(2,-3)(0,-1)(2,-5)(3,-4)(4,-3)(3,-4)(6,1)(5,-2)(7,0)(0,7)
__________________________________
Número da Execução: 8
Custo da Solução: 75.839
Score da Solução: 492
Qualidade da Solução: 416.161
Tempo Gasto: 4767
Vertices da Solução: H0-33-26-48-41-11-8-H4-46-39-47-20-30-24-38-14-H4-19-31-15-40-25-32-H1
Coordenadas dos Vertices da Solução: (0,-7)(6,-1)(5,-2)(6,1)(7,0)(2,-5)(1,-6)(3,-4)(2,1)(3,0)(4,1)(4,-3)(0,-1)(1,-2)(1,0)(1,-4)(3,-4)(2,-3)(2,-1)(3,-4)(5,0)(3,-2)(4,-1)(0,7)
__________________________________
Número da Execução: 9
Custo da Solução: 78.6244
Score da Solução: 618
Qualidade da Solução: 539.376
Tempo Gasto: 4773
Vertices da Solução: H0-32-31-39-20-40-25-24-11-H4-26-41-15-19-42-36-H6-49-34-28-35-43-27-21-61-H1
Coordenadas dos Vertices da Solução: (0,-7)(4,-1)(2,-1)(3,0)(4,-3)(5,0)(3,-2)(1,-2)(2,-5)(3,-4)(5,-2)(7,0)(3,-4)(2,-3)(-6,1)(-3,0)(-5,0)(-5,2)(-7,0)(-4,-1)(-5,0)(-4,1)(-6,-1)(-5,-2)(-1,4)(0,7)
__________________________________
Número da Execução: 10
Custo da Solução: 75.7962
Score da Solução: 546
Qualidade da Solução: 470.204
Tempo Gasto: 5120
Vertices da Solução: H0-11-34-36-37-17-H6-29-49-55-42-44-43-50-56-H6-28-22-35-16-27-21-60-61-H1
Coordenadas dos Vertices da Solução: (0,-7)(2,-5)(-7,0)(-3,0)(-1,0)(-2,-3)(-5,0)(-2,-1)(-5,2)(-4,3)(-6,1)(-2,1)(-4,1)(-3,2)(-2,3)(-5,0)(-4,-1)(-3,-2)(-5,0)(-4,-3)(-6,-1)(-5,-2)(-3,4)(-1,4)(0,7)
__________________________________
