Número da Execução: 1
Custo da Solução: 77.013
Score da Solução: 534
Qualidade da Solução: 456.987
Tempo Gasto: 5232
Vertices da Solução: H0-44-51-43-30-36-37-H9-34-42-41-35-28-18-13-16-23-H5-20-19-24-15-22-17-32-H6-27-21-26-61-H1
Coordenadas dos Vertices da Solução: (0,-7)(3,0)(2,1)(1,0)(3,-2)(2,-1)(4,-1)(0,-1)(-2,-1)(-1,0)(-3,0)(0,-1)(-1,-2)(-1,-4)(1,-6)(2,-5)(0,-3)(0,-5)(3,-4)(1,-4)(2,-3)(0,-5)(-2,-3)(-3,-4)(-6,-1)(-4,-3)(-3,-2)(-4,-3)(-5,-2)(-2,3)(0,7)
__________________________________
Número da Execução: 2
Custo da Solução: 76.1211
Score da Solução: 714
Qualidade da Solução: 637.879
Tempo Gasto: 4540
Vertices da Solução: H0-25-31-37-38-59-53-52-44-H11-46-45-47-55-H10-41-32-54-40-48-39-33-H6-27-21-26-61-H1
Coordenadas dos Vertices da Solução: (0,-7)(4,-3)(5,-2)(4,-1)(6,-1)(5,2)(6,1)(4,1)(3,0)(5,0)(7,0)(5,0)(-6,1)(-3,2)(-5,0)(-3,0)(-6,-1)(-5,2)(-5,0)(-4,1)(-7,0)(-4,-1)(-4,-3)(-3,-2)(-4,-3)(-5,-2)(-2,3)(0,7)
__________________________________
Número da Execução: 3
Custo da Solução: 72.751
Score da Solução: 576
Qualidade da Solução: 503.249
Tempo Gasto: 4991
Vertices da Solução: H0-16-38-53-30-H11-59-46-52-45-44-43-28-29-H9-50-42-36-35-34-31-37-H7-25-56-61-62-H1
Coordenadas dos Vertices da Solução: (0,-7)(2,-5)(6,-1)(6,1)(3,-2)(5,0)(5,2)(7,0)(4,1)(5,0)(3,0)(1,0)(-1,-2)(1,-2)(0,-1)(0,1)(-1,0)(2,-1)(0,-1)(-2,-1)(5,-2)(4,-1)(4,-3)(4,-3)(-1,2)(-2,3)(0,3)(0,7)
__________________________________
Número da Execução: 4
Custo da Solução: 73.7809
Score da Solução: 552
Qualidade da Solução: 478.219
Tempo Gasto: 4223
Vertices da Solução: H0-39-32-41-48-54-H10-47-33-40-24-19-29-H5-22-18-23-15-45-44-36-H8-31-30-37-62-H1
Coordenadas dos Vertices da Solução: (0,-7)(-7,0)(-6,-1)(-3,0)(-4,1)(-5,2)(-5,0)(-6,1)(-4,-1)(-5,0)(2,-3)(1,-4)(1,-2)(0,-5)(-2,-3)(-1,-4)(0,-3)(0,-5)(5,0)(3,0)(2,-1)(3,-2)(5,-2)(3,-2)(4,-1)(0,3)(0,7)
__________________________________
Número da Execução: 5
Custo da Solução: 74.2758
Score da Solução: 528
Qualidade da Solução: 453.724
Tempo Gasto: 5182
Vertices da Solução: H0-44-43-51-36-49-H9-34-28-35-41-42-45-H7-38-25-46-31-37-29-H4-24-20-30-62-H1
Coordenadas dos Vertices da Solução: (0,-7)(3,0)(1,0)(2,1)(2,-1)(-2,1)(0,-1)(-2,-1)(-1,-2)(0,-1)(-3,0)(-1,0)(5,0)(4,-3)(6,-1)(4,-3)(7,0)(5,-2)(4,-1)(1,-2)(3,-4)(2,-3)(3,-4)(3,-2)(0,3)(0,7)
__________________________________
Número da Execução: 6
Custo da Solução: 73.5794
Score da Solução: 648
Qualidade da Solução: 574.421
Tempo Gasto: 5563
Vertices da Solução: H0-26-32-21-39-33-H10-54-47-48-40-51-43-36-H9-41-42-34-35-38-31-44-H8-25-30-37-62-H1
Coordenadas dos Vertices da Solução: (0,-7)(-5,-2)(-6,-1)(-4,-3)(-7,0)(-4,-1)(-5,0)(-5,2)(-6,1)(-4,1)(-5,0)(2,1)(1,0)(2,-1)(0,-1)(-3,0)(-1,0)(-2,-1)(0,-1)(6,-1)(5,-2)(3,0)(3,-2)(4,-3)(3,-2)(4,-1)(0,3)(0,7)
__________________________________
Número da Execução: 7
Custo da Solução: 74.7631
Score da Solução: 534
Qualidade da Solução: 459.237
Tempo Gasto: 4565
Vertices da Solução: H0-17-22-27-18-28-23-36-H5-19-24-15-45-44-31-H8-37-30-25-39-33-H10-47-40-32-61-H1
Coordenadas dos Vertices da Solução: (0,-7)(-3,-4)(-2,-3)(-3,-2)(-1,-4)(-1,-2)(0,-3)(2,-1)(0,-5)(1,-4)(2,-3)(0,-5)(5,0)(3,0)(5,-2)(3,-2)(4,-1)(3,-2)(4,-3)(-7,0)(-4,-1)(-5,0)(-6,1)(-5,0)(-6,-1)(-2,3)(0,7)
__________________________________
Número da Execução: 8
Custo da Solução: 75.602
Score da Solução: 552
Qualidade da Solução: 476.398
Tempo Gasto: 4598
Vertices da Solução: H0-37-30-51-44-52-H4-24-16-20-40-32-39-H6-26-27-21-45-31-38-H7-25-56-61-62-H1
Coordenadas dos Vertices da Solução: (0,-7)(4,-1)(3,-2)(2,1)(3,0)(4,1)(3,-4)(2,-3)(2,-5)(3,-4)(-5,0)(-6,-1)(-7,0)(-4,-3)(-5,-2)(-3,-2)(-4,-3)(5,0)(5,-2)(6,-1)(4,-3)(4,-3)(-1,2)(-2,3)(0,3)(0,7)
__________________________________
Número da Execução: 9
Custo da Solução: 76.4234
Score da Solução: 546
Qualidade da Solução: 469.577
Tempo Gasto: 4926
Vertices da Solução: H0-36-31-46-52-H7-38-25-53-37-44-29-19-H4-24-16-20-45-30-33-H6-27-21-26-61-H1
Coordenadas dos Vertices da Solução: (0,-7)(2,-1)(5,-2)(7,0)(4,1)(4,-3)(6,-1)(4,-3)(6,1)(4,-1)(3,0)(1,-2)(1,-4)(3,-4)(2,-3)(2,-5)(3,-4)(5,0)(3,-2)(-4,-1)(-4,-3)(-3,-2)(-4,-3)(-5,-2)(-2,3)(0,7)
__________________________________
Número da Execução: 10
Custo da Solução: 74.1248
Score da Solução: 654
Qualidade da Solução: 579.875
Tempo Gasto: 5204
Vertices da Solução: H0-31-38-53-51-43-H11-58-46-59-45-52-44-25-H8-37-36-30-40-32-39-H6-27-21-26-61-H1
Coordenadas dos Vertices da Solução: (0,-7)(5,-2)(6,-1)(6,1)(2,1)(1,0)(5,0)(3,2)(7,0)(5,2)(5,0)(4,1)(3,0)(4,-3)(3,-2)(4,-1)(2,-1)(3,-2)(-5,0)(-6,-1)(-7,0)(-4,-3)(-3,-2)(-4,-3)(-5,-2)(-2,3)(0,7)
__________________________________
