Número da Execução: 1
Custo da Solução: 121.199
Score da Solução: 765
Qualidade da Solução: 643.801
Tempo Gasto: 5814
Vertices da Solução: H0-24-33-52-45-53-H10-29-35-37-28-20-17-H8-21-19-18-27-36-43-44-H11-34-41-42-26-14-15-23-H7-30-22-50-58-57-49-H1
Coordenadas dos Vertices da Solução: (-0.5,0)(-5,-3)(-3,-1)(1,5)(-1,7)(1,7)(-3,7)(-5,7)(-3,3)(-3,7)(-5,5)(-7,5)(-7,-1)(-5,3)(-7,7)(-7,3)(-7,1)(-5,3)(-3,5)(-1,3)(-1,5)(-1,1)(-3,1)(-1,-1)(-1,1)(-5,1)(-7,-7)(-7,-5)(-5,-5)(-5,-7)(-3,-7)(-5,-7)(1,1)(3,1)(3,-1)(1,-1)(0.5,0)
__________________________________
Número da Execução: 2
Custo da Solução: 118.814
Score da Solução: 640
Qualidade da Solução: 521.186
Tempo Gasto: 6758
Vertices da Solução: H0-38-31-30-39-23-H9-24-32-61-36-H13-53-44-52-45-60-51-43-35-H11-34-42-54-64-62-H4-56-49-57-48-65-58-H1
Coordenadas dos Vertices da Solução: (-0.5,0)(-1,-7)(-3,-5)(-3,-7)(-1,-5)(-5,-5)(-3,-3)(-5,-3)(-3,-3)(3,7)(-3,5)(1,5)(1,7)(-1,5)(1,5)(-1,7)(3,5)(1,3)(-1,3)(-3,3)(-1,1)(-3,1)(-1,1)(3,-7)(5,-3)(5,-7)(7,-3)(3,-3)(1,-1)(3,-1)(1,-3)(5,-1)(3,1)(0.5,0)
__________________________________
Número da Execução: 3
Custo da Solução: 114.821
Score da Solução: 685
Qualidade da Solução: 570.179
Tempo Gasto: 6110
Vertices da Solução: H0-33-34-56-64-62-63-H4-22-31-30-H9-24-32-53-45-36-28-H10-29-37-40-38-54-H12-46-55-47-39-58-57-49-H1
Coordenadas dos Vertices da Solução: (-0.5,0)(-3,-1)(-3,1)(3,-3)(5,-3)(5,-7)(5,-5)(7,-3)(-5,-7)(-3,-5)(-3,-7)(-3,-3)(-5,-3)(-3,-3)(1,7)(-1,7)(-3,5)(-5,5)(-3,7)(-5,7)(-3,7)(-1,-3)(-1,-7)(3,-7)(1,-5)(1,-7)(3,-5)(1,-5)(-1,-5)(3,1)(3,-1)(1,-1)(0.5,0)
__________________________________
Número da Execução: 4
Custo da Solução: 116.185
Score da Solução: 800
Qualidade da Solução: 683.815
Tempo Gasto: 6374
Vertices da Solução: H0-33-26-34-16-24-17-H9-31-39-32-44-36-20-H10-29-28-37-21-45-61-H13-53-52-63-55-38-H12-46-54-47-65-58-57-49-H1
Coordenadas dos Vertices da Solução: (-0.5,0)(-3,-1)(-5,1)(-3,1)(-7,-3)(-5,-3)(-7,-1)(-3,-3)(-3,-5)(-1,-5)(-3,-3)(-1,5)(-3,5)(-7,5)(-3,7)(-5,7)(-5,5)(-3,7)(-7,7)(-1,7)(3,7)(1,5)(1,7)(1,5)(5,-5)(3,-5)(-1,-7)(1,-5)(1,-7)(3,-7)(1,-5)(5,-1)(3,1)(3,-1)(1,-1)(0.5,0)
__________________________________
Número da Execução: 5
Custo da Solução: 118.47
Score da Solução: 755
Qualidade da Solução: 636.53
Tempo Gasto: 6366
Vertices da Solução: H0-33-36-43-44-51-52-H11-34-35-42-26-14-15-23-H7-30-22-28-20-18-H8-19-27-62-54-55-H12-46-47-38-39-57-58-50-49-H1
Coordenadas dos Vertices da Solução: (-0.5,0)(-3,-1)(-3,5)(-1,3)(-1,5)(1,3)(1,5)(-1,1)(-3,1)(-3,3)(-1,1)(-5,1)(-7,-7)(-7,-5)(-5,-5)(-5,-7)(-3,-7)(-5,-7)(-5,5)(-7,5)(-7,1)(-5,3)(-7,3)(-5,3)(5,-7)(3,-7)(3,-5)(1,-5)(1,-7)(1,-5)(-1,-7)(-1,-5)(3,-1)(3,1)(1,1)(1,-1)(0.5,0)
__________________________________
Número da Execução: 6
Custo da Solução: 119.494
Score da Solução: 685
Qualidade da Solução: 565.506
Tempo Gasto: 6233
Vertices da Solução: H0-24-33-20-36-35-H8-26-28-27-29-45-37-43-H13-53-44-52-60-61-64-63-H4-16-19-H6-18-17-51-50-58-49-H1
Coordenadas dos Vertices da Solução: (-0.5,0)(-5,-3)(-3,-1)(-7,5)(-3,5)(-3,3)(-5,3)(-5,1)(-5,5)(-5,3)(-5,7)(-1,7)(-3,7)(-1,3)(1,5)(1,7)(-1,5)(1,5)(3,5)(3,7)(5,-3)(5,-5)(7,-3)(-7,-3)(-7,3)(-7,-1)(-7,1)(-7,-1)(1,3)(1,1)(3,1)(1,-1)(0.5,0)
__________________________________
Número da Execução: 7
Custo da Solução: 120.25
Score da Solução: 835
Qualidade da Solução: 714.75
Tempo Gasto: 6954
Vertices da Solução: H0-33-26-34-21-20-18-H8-19-27-22-38-54-H12-46-55-47-31-39-30-40-49-H5-56-65-64-57-37-45-44-H13-53-61-52-59-58-48-50-H1
Coordenadas dos Vertices da Solução: (-0.5,0)(-3,-1)(-5,1)(-3,1)(-7,7)(-7,5)(-7,1)(-5,3)(-7,3)(-5,3)(-5,-7)(-1,-7)(3,-7)(1,-5)(1,-7)(3,-5)(1,-5)(-3,-5)(-1,-5)(-3,-7)(-1,-3)(1,-1)(3,-1)(3,-3)(5,-1)(5,-3)(3,-1)(-3,7)(-1,7)(-1,5)(1,5)(1,7)(3,7)(1,5)(3,3)(3,1)(1,-3)(1,1)(0.5,0)
__________________________________
Número da Execução: 8
Custo da Solução: 116.56
Score da Solução: 705
Qualidade da Solução: 588.44
Tempo Gasto: 5644
Vertices da Solução: H0-33-34-44-45-21-36-H10-29-37-54-55-H12-46-47-20-26-H8-19-28-27-18-60-61-H13-53-52-65-58-57-49-50-H1
Coordenadas dos Vertices da Solução: (-0.5,0)(-3,-1)(-3,1)(-1,5)(-1,7)(-7,7)(-3,5)(-3,7)(-5,7)(-3,7)(3,-7)(3,-5)(1,-5)(1,-7)(1,-5)(-7,5)(-5,1)(-5,3)(-7,3)(-5,5)(-5,3)(-7,1)(3,5)(3,7)(1,5)(1,7)(1,5)(5,-1)(3,1)(3,-1)(1,-1)(1,1)(0.5,0)
__________________________________
Número da Execução: 9
Custo da Solução: 111.782
Score da Solução: 760
Qualidade da Solução: 648.218
Tempo Gasto: 6018
Vertices da Solução: H0-33-34-62-54-38-H12-46-47-44-45-53-36-H10-29-37-16-25-H6-26-18-19-17-15-24-23-H9-31-32-65-58-57-49-H1
Coordenadas dos Vertices da Solução: (-0.5,0)(-3,-1)(-3,1)(5,-7)(3,-7)(-1,-7)(1,-5)(1,-7)(1,-5)(-1,5)(-1,7)(1,7)(-3,5)(-3,7)(-5,7)(-3,7)(-7,-3)(-5,-1)(-7,-1)(-5,1)(-7,1)(-7,3)(-7,-1)(-7,-5)(-5,-3)(-5,-5)(-3,-3)(-3,-5)(-3,-3)(5,-1)(3,1)(3,-1)(1,-1)(0.5,0)
__________________________________
Número da Execução: 10
Custo da Solução: 115.636
Score da Solução: 735
Qualidade da Solução: 619.364
Tempo Gasto: 6174
Vertices da Solução: H0-41-33-35-34-25-36-44-H10-16-24-15-23-22-H9-31-32-21-20-26-H8-19-28-27-18-45-53-H10-29-37-59-58-57-48-H1
Coordenadas dos Vertices da Solução: (-0.5,0)(-1,-1)(-3,-1)(-3,3)(-3,1)(-5,-1)(-3,5)(-1,5)(-3,7)(-7,-3)(-5,-3)(-7,-5)(-5,-5)(-5,-7)(-3,-3)(-3,-5)(-3,-3)(-7,7)(-7,5)(-5,1)(-5,3)(-7,3)(-5,5)(-5,3)(-7,1)(-1,7)(1,7)(-3,7)(-5,7)(-3,7)(3,3)(3,1)(3,-1)(1,-3)(0.5,0)
__________________________________
