Número da Execução: 1
Custo da Solução: 122.786
Score da Solução: 770
Qualidade da Solução: 647.214
Tempo Gasto: 6721
Vertices da Solução: H0-43-33-26-34-16-24-25-39-40-H8-22-31-30-32-27-36-20-H9-44-45-53-37-21-29-28-48-H4-55-65-56-57-64-58-51-49-H1
Coordenadas dos Vertices da Solução: (-0.5,0)(-1,3)(-3,-1)(-5,1)(-3,1)(-7,-3)(-5,-3)(-5,-1)(-1,-5)(-1,-3)(-3,-3)(-5,-7)(-3,-5)(-3,-7)(-3,-3)(-5,3)(-3,5)(-7,5)(-3,7)(-1,5)(-1,7)(1,7)(-3,7)(-7,7)(-5,7)(-5,5)(1,-3)(3,-1)(3,-5)(5,-1)(3,-3)(3,-1)(5,-3)(3,1)(1,3)(1,-1)(0.5,0)
__________________________________
Número da Execução: 2
Custo da Solução: 122.67
Score da Solução: 670
Qualidade da Solução: 547.33
Tempo Gasto: 6379
Vertices da Solução: H0-31-33-25-34-15-17-16-H5-21-19-20-18-27-26-32-40-41-H10-44-43-35-42-51-64-59-H4-55-56-63-57-48-65-58-50-49-H1
Coordenadas dos Vertices da Solução: (-0.5,0)(-3,-5)(-3,-1)(-5,-1)(-3,1)(-7,-5)(-7,-1)(-7,-3)(-7,1)(-7,7)(-7,3)(-7,5)(-7,1)(-5,3)(-5,1)(-3,-3)(-1,-3)(-1,-1)(-1,1)(-1,5)(-1,3)(-3,3)(-1,1)(1,3)(5,-3)(3,3)(3,-1)(3,-5)(3,-3)(5,-5)(3,-1)(1,-3)(5,-1)(3,1)(1,1)(1,-1)(0.5,0)
__________________________________
Número da Execução: 3
Custo da Solução: 124.071
Score da Solução: 855
Qualidade da Solução: 730.929
Tempo Gasto: 6496
Vertices da Solução: H0-47-40-39-33-15-25-35-H13-18-26-27-34-22-31-38-30-23-H8-17-24-16-32-37-45-36-H12-44-53-61-52-51-60-59-58-65-57-49-50-H1
Coordenadas dos Vertices da Solução: (-0.5,0)(1,-5)(-1,-3)(-1,-5)(-3,-1)(-7,-5)(-5,-1)(-3,3)(-3,1)(-7,1)(-5,1)(-5,3)(-3,1)(-5,-7)(-3,-5)(-1,-7)(-3,-7)(-5,-5)(-3,-3)(-7,-1)(-5,-3)(-7,-3)(-3,-3)(-3,7)(-1,7)(-3,5)(1,5)(-1,5)(1,7)(3,7)(1,5)(1,3)(3,5)(3,3)(3,1)(5,-1)(3,-1)(1,-1)(1,1)(0.5,0)
__________________________________
Número da Execução: 4
Custo da Solução: 123.891
Score da Solução: 725
Qualidade da Solução: 601.109
Tempo Gasto: 5826
Vertices da Solução: H0-34-26-33-17-61-43-H12-51-53-60-52-16-24-25-40-H8-22-31-30-32-44-45-36-28-H9-29-21-37-65-58-57-49-H1
Coordenadas dos Vertices da Solução: (-0.5,0)(-3,1)(-5,1)(-3,-1)(-7,-1)(3,7)(-1,3)(1,5)(1,3)(1,7)(3,5)(1,5)(-7,-3)(-5,-3)(-5,-1)(-1,-3)(-3,-3)(-5,-7)(-3,-5)(-3,-7)(-3,-3)(-1,5)(-1,7)(-3,5)(-5,5)(-3,7)(-5,7)(-7,7)(-3,7)(5,-1)(3,1)(3,-1)(1,-1)(0.5,0)
__________________________________
Número da Execução: 5
Custo da Solução: 125.562
Score da Solução: 760
Qualidade da Solução: 634.438
Tempo Gasto: 6328
Vertices da Solução: H0-42-34-36-33-40-26-35-27-28-H5-17-25-18-21-19-20-39-H8-16-24-23-32-22-31-38-30-49-H4-56-65-64-57-60-58-48-H1
Coordenadas dos Vertices da Solução: (-0.5,0)(-1,1)(-3,1)(-3,5)(-3,-1)(-1,-3)(-5,1)(-3,3)(-5,3)(-5,5)(-7,1)(-7,-1)(-5,-1)(-7,1)(-7,7)(-7,3)(-7,5)(-1,-5)(-3,-3)(-7,-3)(-5,-3)(-5,-5)(-3,-3)(-5,-7)(-3,-5)(-1,-7)(-3,-7)(1,-1)(3,-1)(3,-3)(5,-1)(5,-3)(3,-1)(3,5)(3,1)(1,-3)(0.5,0)
__________________________________
Número da Execução: 6
Custo da Solução: 122.038
Score da Solução: 770
Qualidade da Solução: 647.962
Tempo Gasto: 5834
Vertices da Solução: H0-32-33-25-34-62-55-38-H11-46-39-47-54-60-36-H12-44-53-61-52-45-17-16-24-H5-19-26-18-28-27-20-49-H1
Coordenadas dos Vertices da Solução: (-0.5,0)(-3,-3)(-3,-1)(-5,-1)(-3,1)(5,-7)(3,-5)(-1,-7)(1,-5)(1,-7)(-1,-5)(1,-5)(3,-7)(3,5)(-3,5)(1,5)(-1,5)(1,7)(3,7)(1,5)(-1,7)(-7,-1)(-7,-3)(-5,-3)(-7,1)(-7,3)(-5,1)(-7,1)(-5,5)(-5,3)(-7,5)(1,-1)(0.5,0)
__________________________________
Número da Execução: 7
Custo da Solução: 122.849
Score da Solução: 785
Qualidade da Solução: 662.151
Tempo Gasto: 6060
Vertices da Solução: H0-40-33-35-34-25-26-28-17-H7-20-19-18-27-62-54-39-H11-38-46-55-47-61-45-53-H9-29-21-37-65-58-57-49-H1
Coordenadas dos Vertices da Solução: (-0.5,0)(-1,-3)(-3,-1)(-3,3)(-3,1)(-5,-1)(-5,1)(-5,5)(-7,-1)(-5,3)(-7,5)(-7,3)(-7,1)(-5,3)(5,-7)(3,-7)(-1,-5)(1,-5)(-1,-7)(1,-7)(3,-5)(1,-5)(3,7)(-1,7)(1,7)(-3,7)(-5,7)(-7,7)(-3,7)(5,-1)(3,1)(3,-1)(1,-1)(0.5,0)
__________________________________
Número da Execução: 8
Custo da Solução: 123.544
Score da Solução: 695
Qualidade da Solução: 571.456
Tempo Gasto: 5839
Vertices da Solução: H0-32-33-25-34-26-61-43-H12-38-30-46-15-16-H6-14-23-22-37-45-51-59-H12-36-53-44-52-60-58-57-48-H1
Coordenadas dos Vertices da Solução: (-0.5,0)(-3,-3)(-3,-1)(-5,-1)(-3,1)(-5,1)(3,7)(-1,3)(1,5)(-1,-7)(-3,-7)(1,-7)(-7,-5)(-7,-3)(-5,-7)(-7,-7)(-5,-5)(-5,-7)(-3,7)(-1,7)(1,3)(3,3)(1,5)(-3,5)(1,7)(-1,5)(1,5)(3,5)(3,1)(3,-1)(1,-3)(0.5,0)
__________________________________
Número da Execução: 9
Custo da Solução: 127.934
Score da Solução: 685
Qualidade da Solução: 557.066
Tempo Gasto: 5840
Vertices da Solução: H0-24-33-28-27-20-18-36-H13-29-45-44-43-37-35-19-H10-53-51-52-42-16-25-17-H13-26-41-34-60-58-65-57-49-H1
Coordenadas dos Vertices da Solução: (-0.5,0)(-5,-3)(-3,-1)(-5,5)(-5,3)(-7,5)(-7,1)(-3,5)(-3,1)(-5,7)(-1,7)(-1,5)(-1,3)(-3,7)(-3,3)(-7,3)(-1,1)(1,7)(1,3)(1,5)(-1,1)(-7,-3)(-5,-1)(-7,-1)(-3,1)(-5,1)(-1,-1)(-3,1)(3,5)(3,1)(5,-1)(3,-1)(1,-1)(0.5,0)
__________________________________
Número da Execução: 10
Custo da Solução: 124.252
Score da Solução: 725
Qualidade da Solução: 600.748
Tempo Gasto: 5941
Vertices da Solução: H0-40-17-33-25-54-62-H11-63-38-39-47-55-46-23-41-H8-15-24-16-32-22-31-30-H13-18-26-27-34-65-58-57-50-H1
Coordenadas dos Vertices da Solução: (-0.5,0)(-1,-3)(-7,-1)(-3,-1)(-5,-1)(3,-7)(5,-7)(1,-5)(5,-5)(-1,-7)(-1,-5)(1,-5)(3,-5)(1,-7)(-5,-5)(-1,-1)(-3,-3)(-7,-5)(-5,-3)(-7,-3)(-3,-3)(-5,-7)(-3,-5)(-3,-7)(-3,1)(-7,1)(-5,1)(-5,3)(-3,1)(5,-1)(3,1)(3,-1)(1,1)(0.5,0)
__________________________________
