Número da Execução: 1
Custo da Solução: 125.973
Score da Solução: 730
Qualidade da Solução: 604.027
Tempo Gasto: 6915
Vertices da Solução: H0-31-32-15-24-16-57-H5-51-35-26-43-18-H9-27-34-52-53-54-H11-45-38-46-37-50-42-49-H5-59-65-58-63-55-56-48-H1
Coordenadas dos Vertices da Solução: (-0.5,0)(-3,-1)(-3,1)(-7,-1)(-5,1)(-7,1)(3,3)(3,5)(1,7)(-3,7)(-5,5)(-1,7)(-7,5)(-3,5)(-5,7)(-3,5)(3,-7)(3,-5)(3,-3)(1,-3)(1,-5)(-1,-3)(1,-3)(-1,-5)(1,5)(-1,5)(1,3)(3,5)(3,7)(5,3)(3,5)(5,-1)(3,-1)(3,1)(1,1)(0.5,0)
__________________________________
Número da Execução: 2
Custo da Solução: 123.942
Score da Solução: 760
Qualidade da Solução: 636.058
Tempo Gasto: 6069
Vertices da Solução: H0-31-40-32-52-53-37-H11-45-54-46-42-50-43-H5-59-65-58-51-17-24-H6-15-18-16-12-13-21-H7-14-22-63-55-56-48-H1
Coordenadas dos Vertices da Solução: (-0.5,0)(-3,-1)(-1,1)(-3,1)(3,-7)(3,-5)(-1,-5)(1,-3)(1,-5)(3,-3)(1,-3)(-1,5)(1,5)(-1,7)(3,5)(3,7)(5,3)(3,5)(1,7)(-7,3)(-5,1)(-7,1)(-7,-1)(-7,5)(-7,1)(-7,-7)(-7,-5)(-5,-5)(-5,-3)(-7,-3)(-5,-3)(5,-1)(3,-1)(3,1)(1,1)(0.5,0)
__________________________________
Número da Execução: 3
Custo da Solução: 119.894
Score da Solução: 750
Qualidade da Solução: 630.106
Tempo Gasto: 6550
Vertices da Solução: H0-31-40-32-24-50-64-H5-51-58-65-59-27-26-H9-35-34-43-42-62-H11-29-45-53-46-37-36-44-H8-20-28-63-55-56-48-H1
Coordenadas dos Vertices da Solução: (-0.5,0)(-3,-1)(-1,1)(-3,1)(-5,1)(1,5)(5,1)(3,5)(1,7)(3,5)(5,3)(3,7)(-5,7)(-5,5)(-3,5)(-3,7)(-3,5)(-1,7)(-1,5)(5,-3)(1,-3)(-3,-5)(1,-5)(3,-5)(1,-3)(-1,-5)(-1,-7)(1,-7)(-3,-7)(-5,-7)(-3,-7)(5,-1)(3,-1)(3,1)(1,1)(0.5,0)
__________________________________
Número da Execução: 4
Custo da Solução: 116.036
Score da Solução: 620
Qualidade da Solução: 503.964
Tempo Gasto: 6341
Vertices da Solução: H0-25-32-61-H4-60-62-13-H7-21-14-20-22-15-23-31-39-H10-41-33-40-52-53-37-38-H11-45-54-46-64-55-63-48-H1
Coordenadas dos Vertices da Solução: (-0.5,0)(-5,3)(-3,1)(5,-5)(5,-3)(5,-7)(5,-3)(-7,-5)(-5,-3)(-5,-5)(-7,-3)(-5,-7)(-5,-3)(-7,-1)(-5,-1)(-3,-1)(-1,-1)(-1,1)(-1,3)(-3,3)(-1,1)(3,-7)(3,-5)(-1,-5)(-1,-3)(1,-3)(1,-5)(3,-3)(1,-3)(5,1)(3,-1)(5,-1)(1,1)(0.5,0)
__________________________________
Número da Execução: 5
Custo da Solução: 125.749
Score da Solução: 830
Qualidade da Solução: 704.251
Tempo Gasto: 7065
Vertices da Solução: H0-31-33-32-24-50-65-57-H5-51-58-59-60-61-H4-63-54-62-23-15-14-H6-25-17-18-16-19-27-43-H9-35-42-34-64-56-55-47-H1
Coordenadas dos Vertices da Solução: (-0.5,0)(-3,-1)(-3,3)(-3,1)(-5,1)(1,5)(5,3)(3,3)(3,5)(1,7)(3,5)(3,7)(5,-7)(5,-5)(5,-3)(5,-1)(3,-3)(5,-3)(-5,-1)(-7,-1)(-7,-3)(-7,1)(-5,3)(-7,3)(-7,5)(-7,1)(-7,7)(-5,7)(-1,7)(-3,5)(-3,7)(-1,5)(-3,5)(5,1)(3,1)(3,-1)(1,-1)(0.5,0)
__________________________________
Número da Execução: 6
Custo da Solução: 123.111
Score da Solução: 730
Qualidade da Solução: 606.889
Tempo Gasto: 6721
Vertices da Solução: H0-40-32-38-31-30-23-20-29-H7-21-59-50-49-H5-51-58-57-18-26-H6-19-17-25-16-24-15-13-H7-14-22-63-55-56-48-H1
Coordenadas dos Vertices da Solução: (-0.5,0)(-1,1)(-3,1)(-1,-3)(-3,-1)(-3,-3)(-5,-1)(-5,-7)(-3,-5)(-5,-3)(-5,-5)(3,7)(1,5)(1,3)(3,5)(1,7)(3,5)(3,3)(-7,5)(-5,5)(-7,1)(-7,7)(-7,3)(-5,3)(-7,1)(-5,1)(-7,-1)(-7,-5)(-5,-3)(-7,-3)(-5,-3)(5,-1)(3,-1)(3,1)(1,1)(0.5,0)
__________________________________
Número da Execução: 7
Custo da Solução: 121.351
Score da Solução: 740
Qualidade da Solução: 618.649
Tempo Gasto: 6890
Vertices da Solução: H0-38-41-30-31-49-H10-22-14-13-15-23-24-25-H6-17-16-43-18-H9-26-35-27-34-51-42-58-48-H10-32-33-40-64-56-55-46-47-H1
Coordenadas dos Vertices da Solução: (-0.5,0)(-1,-3)(-1,3)(-3,-3)(-3,-1)(1,3)(-1,1)(-5,-3)(-7,-3)(-7,-5)(-7,-1)(-5,-1)(-5,1)(-5,3)(-7,1)(-7,3)(-7,1)(-1,7)(-7,5)(-3,5)(-5,5)(-3,7)(-5,7)(-3,5)(1,7)(-1,5)(3,5)(1,1)(-1,1)(-3,1)(-3,3)(-1,1)(5,1)(3,1)(3,-1)(1,-3)(1,-1)(0.5,0)
__________________________________
Número da Execução: 8
Custo da Solução: 125.291
Score da Solução: 740
Qualidade da Solução: 614.709
Tempo Gasto: 6650
Vertices da Solução: H0-24-32-23-31-19-27-26-H9-43-34-18-35-57-H5-52-45-36-44-53-H11-54-47-46-37-50-65-H5-59-58-42-51-56-55-48-H1
Coordenadas dos Vertices da Solução: (-0.5,0)(-5,1)(-3,1)(-5,-1)(-3,-1)(-7,7)(-5,7)(-5,5)(-3,5)(-1,7)(-3,5)(-7,5)(-3,7)(3,3)(3,5)(3,-7)(1,-5)(-1,-7)(1,-7)(3,-5)(1,-3)(3,-3)(1,-1)(1,-3)(-1,-5)(1,5)(5,3)(3,5)(3,7)(3,5)(-1,5)(1,7)(3,1)(3,-1)(1,1)(0.5,0)
__________________________________
Número da Execução: 9
Custo da Solução: 122.447
Score da Solução: 685
Qualidade da Solução: 562.553
Tempo Gasto: 6206
Vertices da Solução: H0-31-33-32-22-23-13-H6-24-59-49-50-65-H5-51-58-15-25-H6-17-14-16-26-42-43-H9-35-34-63-55-56-48-H1
Coordenadas dos Vertices da Solução: (-0.5,0)(-3,-1)(-3,3)(-3,1)(-5,-3)(-5,-1)(-7,-5)(-7,1)(-5,1)(3,7)(1,3)(1,5)(5,3)(3,5)(1,7)(3,5)(-7,-1)(-5,3)(-7,1)(-7,3)(-7,-3)(-7,1)(-5,5)(-1,5)(-1,7)(-3,5)(-3,7)(-3,5)(5,-1)(3,-1)(3,1)(1,1)(0.5,0)
__________________________________
Número da Execução: 10
Custo da Solução: 123.642
Score da Solução: 695
Qualidade da Solução: 571.358
Tempo Gasto: 6059
Vertices da Solução: H0-57-51-48-65-49-H5-50-58-59-60-H4-63-62-27-42-H9-43-35-26-34-16-15-23-13-H7-14-22-64-56-55-47-H1
Coordenadas dos Vertices da Solução: (-0.5,0)(3,3)(1,7)(1,1)(5,3)(1,3)(3,5)(1,5)(3,5)(3,7)(5,-7)(5,-3)(5,-1)(5,-3)(-5,7)(-1,5)(-3,5)(-1,7)(-3,7)(-5,5)(-3,5)(-7,1)(-7,-1)(-5,-1)(-7,-5)(-5,-3)(-7,-3)(-5,-3)(5,1)(3,1)(3,-1)(1,-1)(0.5,0)
__________________________________
