Número da Execução: 1
Custo da Solução: 121.687
Score da Solução: 725
Qualidade da Solução: 603.313
Tempo Gasto: 6354
Vertices da Solução: H0-33-34-47-39-46-H10-28-19-29-H9-20-27-31-25-H10-24-32-26-18-15-23-H7-16-17-38-30-14-H8-22-57-58-50-H1
Coordenadas dos Vertices da Solução: (-0.5,0)(-3,-1)(-3,1)(1,-5)(-1,-5)(1,-7)(-3,-3)(-5,5)(-7,3)(-5,7)(-5,3)(-7,5)(-5,3)(-3,-5)(-5,-1)(-3,-3)(-5,-3)(-3,-3)(-5,1)(-7,1)(-7,-5)(-5,-5)(-7,-1)(-7,-3)(-7,-1)(-1,-7)(-3,-7)(-7,-7)(-5,-7)(-5,-7)(3,-1)(3,1)(1,1)(0.5,0)
__________________________________
Número da Execução: 2
Custo da Solução: 120.467
Score da Solução: 655
Qualidade da Solução: 534.533
Tempo Gasto: 6427
Vertices da Solução: H0-33-26-34-56-55-63-H13-54-47-18-H9-28-27-19-65-H5-64-38-46-31-23-H4-30-39-45-H11-29-37-58-49-H1
Coordenadas dos Vertices da Solução: (-0.5,0)(-3,-1)(-5,1)(-3,1)(3,-3)(3,-5)(5,-5)(1,-5)(3,-7)(1,-5)(-7,1)(-5,3)(-5,5)(-5,3)(-7,3)(5,-1)(7,-3)(5,-3)(-1,-7)(1,-7)(-3,-5)(-5,-5)(-1,-5)(-3,-7)(-1,-5)(-1,7)(-3,7)(-5,7)(-3,7)(3,1)(1,-1)(0.5,0)
__________________________________
Número da Execução: 3
Custo da Solução: 122.612
Score da Solução: 625
Qualidade da Solução: 502.388
Tempo Gasto: 6326
Vertices da Solução: H0-33-54-62-63-56-H13-55-47-46-59-H6-25-34-26-H12-43-42-23-31-15-H4-38-48-39-40-30-14-H8-22-57-58-50-H1
Coordenadas dos Vertices da Solução: (-0.5,0)(-3,-1)(3,-7)(5,-7)(5,-5)(3,-3)(1,-5)(3,-5)(1,-5)(1,-7)(3,3)(7,3)(-5,-1)(-3,1)(-5,1)(-1,1)(-1,3)(-1,1)(-5,-5)(-3,-5)(-7,-5)(-1,-5)(-1,-7)(1,-3)(-1,-5)(-1,-3)(-3,-7)(-7,-7)(-5,-7)(-5,-7)(3,-1)(3,1)(1,1)(0.5,0)
__________________________________
Número da Execução: 4
Custo da Solução: 123.013
Score da Solução: 780
Qualidade da Solução: 656.987
Tempo Gasto: 6365
Vertices da Solução: H0-45-36-44-29-37-H9-20-28-27-21-19-25-H7-18-17-16-64-H5-38-30-24-15-23-H8-22-14-59-H6-65-57-58-48-49-H1
Coordenadas dos Vertices da Solução: (-0.5,0)(-1,7)(-3,5)(-1,5)(-5,7)(-3,7)(-5,3)(-7,5)(-5,5)(-5,3)(-7,7)(-7,3)(-5,-1)(-7,-1)(-7,1)(-7,-1)(-7,-3)(5,-3)(7,-3)(-1,-7)(-3,-7)(-5,-3)(-7,-5)(-5,-5)(-5,-7)(-5,-7)(-7,-7)(3,3)(7,3)(5,-1)(3,-1)(3,1)(1,-3)(1,-1)(0.5,0)
__________________________________
Número da Execução: 5
Custo da Solução: 122.294
Score da Solução: 650
Qualidade da Solução: 527.706
Tempo Gasto: 5800
Vertices da Solução: H0-41-33-35-34-26-31-39-H10-24-32-62-64-63-H5-46-30-38-23-H8-53-45-36-H11-29-37-14-H8-22-57-58-49-H1
Coordenadas dos Vertices da Solução: (-0.5,0)(-1,-1)(-3,-1)(-3,3)(-3,1)(-5,1)(-3,-5)(-1,-5)(-3,-3)(-5,-3)(-3,-3)(5,-7)(5,-3)(5,-5)(7,-3)(1,-7)(-3,-7)(-1,-7)(-5,-5)(-5,-7)(1,7)(-1,7)(-3,5)(-3,7)(-5,7)(-3,7)(-7,-7)(-5,-7)(-5,-7)(3,-1)(3,1)(1,-1)(0.5,0)
__________________________________
Número da Execução: 6
Custo da Solução: 122.641
Score da Solução: 755
Qualidade da Solução: 632.359
Tempo Gasto: 6107
Vertices da Solução: H0-42-41-26-34-17-33-25-H10-24-32-23-14-16-H8-30-22-20-28-H9-19-27-15-31-46-H4-38-39-29-36-H11-45-37-58-49-H1
Coordenadas dos Vertices da Solução: (-0.5,0)(-1,1)(-1,-1)(-5,1)(-3,1)(-7,-1)(-3,-1)(-5,-1)(-3,-3)(-5,-3)(-3,-3)(-5,-5)(-7,-7)(-7,-3)(-5,-7)(-3,-7)(-5,-7)(-7,5)(-5,5)(-5,3)(-7,3)(-5,3)(-7,-5)(-3,-5)(1,-7)(-1,-5)(-1,-7)(-1,-5)(-5,7)(-3,5)(-3,7)(-1,7)(-3,7)(3,1)(1,-1)(0.5,0)
__________________________________
Número da Execução: 7
Custo da Solução: 121.154
Score da Solução: 775
Qualidade da Solução: 653.846
Tempo Gasto: 6232
Vertices da Solução: H0-27-34-55-48-H13-54-47-46-15-H7-16-17-19-18-21-H11-29-37-61-45-53-H12-43-42-22-31-30-H4-38-39-57-58-50-49-H1
Coordenadas dos Vertices da Solução: (-0.5,0)(-5,3)(-3,1)(3,-5)(1,-3)(1,-5)(3,-7)(1,-5)(1,-7)(-7,-5)(-7,-1)(-7,-3)(-7,-1)(-7,3)(-7,1)(-7,7)(-3,7)(-5,7)(-3,7)(3,7)(-1,7)(1,7)(-1,1)(-1,3)(-1,1)(-5,-7)(-3,-5)(-3,-7)(-1,-5)(-1,-7)(-1,-5)(3,-1)(3,1)(1,1)(1,-1)(0.5,0)
__________________________________
Número da Execução: 8
Custo da Solução: 121.094
Score da Solução: 710
Qualidade da Solução: 588.906
Tempo Gasto: 5693
Vertices da Solução: H0-34-33-20-21-36-H11-29-37-45-31-H8-14-22-30-59-H6-24-16-25-H7-18-17-23-15-26-35-H9-19-27-58-49-H1
Coordenadas dos Vertices da Solução: (-0.5,0)(-3,1)(-3,-1)(-7,5)(-7,7)(-3,5)(-3,7)(-5,7)(-3,7)(-1,7)(-3,-5)(-5,-7)(-7,-7)(-5,-7)(-3,-7)(3,3)(7,3)(-5,-3)(-7,-3)(-5,-1)(-7,-1)(-7,1)(-7,-1)(-5,-5)(-7,-5)(-5,1)(-3,3)(-5,3)(-7,3)(-5,3)(3,1)(1,-1)(0.5,0)
__________________________________
Número da Execução: 9
Custo da Solução: 119.994
Score da Solução: 625
Qualidade da Solução: 505.006
Tempo Gasto: 5433
Vertices da Solução: H0-33-28-53-45-36-H11-29-37-31-23-H10-24-32-65-64-63-H5-27-34-26-H12-43-42-54-38-H13-46-47-39-58-H1
Coordenadas dos Vertices da Solução: (-0.5,0)(-3,-1)(-5,5)(1,7)(-1,7)(-3,5)(-3,7)(-5,7)(-3,7)(-3,-5)(-5,-5)(-3,-3)(-5,-3)(-3,-3)(5,-1)(5,-3)(5,-5)(7,-3)(-5,3)(-3,1)(-5,1)(-1,1)(-1,3)(-1,1)(3,-7)(-1,-7)(1,-5)(1,-7)(1,-5)(-1,-5)(3,1)(0.5,0)
__________________________________
Número da Execução: 10
Custo da Solução: 121.854
Score da Solução: 630
Qualidade da Solução: 508.146
Tempo Gasto: 5799
Vertices da Solução: H0-33-44-52-53-28-H11-25-34-51-H12-43-42-35-36-61-H11-29-37-45-65-64-63-H5-26-19-18-H9-20-27-58-50-H1
Coordenadas dos Vertices da Solução: (-0.5,0)(-3,-1)(-1,5)(1,5)(1,7)(-5,5)(-3,7)(-5,-1)(-3,1)(1,3)(-1,1)(-1,3)(-1,1)(-3,3)(-3,5)(3,7)(-3,7)(-5,7)(-3,7)(-1,7)(5,-1)(5,-3)(5,-5)(7,-3)(-5,1)(-7,3)(-7,1)(-5,3)(-7,5)(-5,3)(3,1)(1,1)(0.5,0)
__________________________________
