Número da Execução: 1
Custo da Solução: 124.7
Score da Solução: 730
Qualidade da Solução: 605.3
Tempo Gasto: 5821
Vertices da Solução: H0-31-32-16-24-12-H9-29-28-20-H6-43-35-27-42-H10-26-34-44-38-H4-36-45-37-13-14-22-30-H8-15-23-47-55-48-H1
Coordenadas dos Vertices da Solução: (-0.5,0)(-3,-1)(-3,1)(-7,1)(-5,1)(-7,-7)(-3,-7)(-3,-5)(-3,-7)(-5,-7)(7,3)(-1,7)(-3,7)(-5,7)(-1,5)(-3,5)(-5,5)(-3,5)(1,-7)(-1,-3)(-1,-5)(-1,-7)(1,-5)(-1,-5)(-7,-5)(-7,-3)(-5,-3)(-3,-3)(-5,-1)(-7,-1)(-5,-1)(1,-1)(3,-1)(1,1)(0.5,0)
__________________________________
Número da Execução: 2
Custo da Solução: 123.682
Score da Solução: 665
Qualidade da Solução: 541.318
Tempo Gasto: 6306
Vertices da Solução: H0-31-32-37-22-13-H8-14-23-54-62-61-H5-25-17-24-H7-15-16-18-65-H6-44-36-29-21-H9-20-28-55-48-H1
Coordenadas dos Vertices da Solução: (-0.5,0)(-3,-1)(-3,1)(-1,-5)(-5,-3)(-7,-5)(-5,-1)(-7,-3)(-5,-1)(3,-3)(5,-3)(5,-5)(7,-3)(-5,3)(-7,3)(-5,1)(-7,1)(-7,-1)(-7,1)(-7,5)(5,3)(7,3)(1,-7)(-1,-7)(-3,-5)(-5,-5)(-3,-7)(-5,-7)(-3,-7)(3,-1)(1,1)(0.5,0)
__________________________________
Número da Execução: 3
Custo da Solução: 118.275
Score da Solução: 695
Qualidade da Solução: 576.725
Tempo Gasto: 6079
Vertices da Solução: H0-25-32-26-17-H10-13-15-16-24-H8-23-22-14-65-H6-51-35-43-33-H10-27-18-34-50-42-49-H11-41-40-57-56-64-H1
Coordenadas dos Vertices da Solução: (-0.5,0)(-5,3)(-3,1)(-5,5)(-7,3)(-3,5)(-7,-5)(-7,-1)(-7,1)(-5,1)(-5,-1)(-5,-1)(-5,-3)(-7,-3)(5,3)(7,3)(1,7)(-3,7)(-1,7)(-3,3)(-3,5)(-5,7)(-7,5)(-3,5)(1,5)(-1,5)(1,3)(-1,1)(-1,3)(-1,1)(3,3)(3,1)(5,1)(0.5,0)
__________________________________
Número da Execução: 4
Custo da Solução: 122.091
Score da Solução: 720
Qualidade da Solução: 597.909
Tempo Gasto: 6835
Vertices da Solução: H0-31-29-53-45-52-H4-44-37-61-62-63-H5-24-32-33-H11-41-40-49-14-16-H8-15-22-23-13-20-12-21-H9-36-28-56-H1
Coordenadas dos Vertices da Solução: (-0.5,0)(-3,-1)(-3,-5)(3,-5)(1,-5)(3,-7)(-1,-5)(1,-7)(-1,-5)(5,-5)(5,-3)(5,-1)(7,-3)(-5,1)(-3,1)(-3,3)(-1,1)(-1,3)(-1,1)(1,3)(-7,-3)(-7,1)(-5,-1)(-7,-1)(-5,-3)(-5,-1)(-7,-5)(-5,-7)(-7,-7)(-5,-5)(-3,-7)(-1,-7)(-3,-7)(3,1)(0.5,0)
__________________________________
Número da Execução: 5
Custo da Solução: 124.359
Score da Solução: 775
Qualidade da Solução: 650.641
Tempo Gasto: 5781
Vertices da Solução: H0-32-23-31-21-29-13-H9-20-28-14-15-18-H7-17-16-44-38-H4-36-45-37-60-62-63-H5-43-35-26-H10-27-34-55-H1
Coordenadas dos Vertices da Solução: (-0.5,0)(-3,1)(-5,-1)(-3,-1)(-5,-5)(-3,-5)(-7,-5)(-3,-7)(-5,-7)(-3,-7)(-7,-3)(-7,-1)(-7,5)(-7,1)(-7,3)(-7,1)(1,-7)(-1,-3)(-1,-5)(-1,-7)(1,-5)(-1,-5)(5,-7)(5,-3)(5,-1)(7,-3)(-1,7)(-3,7)(-5,5)(-3,5)(-5,7)(-3,5)(3,-1)(0.5,0)
__________________________________
Número da Execução: 6
Custo da Solução: 117.991
Score da Solução: 670
Qualidade da Solução: 552.009
Tempo Gasto: 5443
Vertices da Solução: H0-22-31-65-H6-24-32-33-H11-25-17-19-18-23-H7-15-14-16-13-12-29-H9-20-28-36-49-H11-41-40-64-56-55-H1
Coordenadas dos Vertices da Solução: (-0.5,0)(-5,-3)(-3,-1)(5,3)(7,3)(-5,1)(-3,1)(-3,3)(-1,1)(-5,3)(-7,3)(-7,7)(-7,5)(-5,-1)(-7,1)(-7,-1)(-7,-3)(-7,1)(-7,-5)(-7,-7)(-3,-5)(-3,-7)(-5,-7)(-3,-7)(-1,-7)(1,3)(-1,1)(-1,3)(-1,1)(5,1)(3,1)(3,-1)(0.5,0)
__________________________________
Número da Execução: 7
Custo da Solução: 126.047
Score da Solução: 665
Qualidade da Solução: 538.953
Tempo Gasto: 6483
Vertices da Solução: H0-38-39-31-34-32-25-H7-52-36-29-H4-44-15-22-21-H8-24-23-12-14-13-H7-17-16-45-30-H4-28-37-55-47-48-H1
Coordenadas dos Vertices da Solução: (-0.5,0)(-1,-3)(-1,-1)(-3,-1)(-3,5)(-3,1)(-5,3)(-7,1)(3,-7)(-1,-7)(-3,-5)(-1,-5)(1,-7)(-7,-1)(-5,-3)(-5,-5)(-5,-1)(-5,1)(-5,-1)(-7,-7)(-7,-3)(-7,-5)(-7,1)(-7,3)(-7,1)(1,-5)(-3,-3)(-1,-5)(-3,-7)(-1,-5)(3,-1)(1,-1)(1,1)(0.5,0)
__________________________________
Número da Execução: 8
Custo da Solução: 123.998
Score da Solução: 875
Qualidade da Solução: 751.002
Tempo Gasto: 6748
Vertices da Solução: H0-39-31-24-32-43-42-26-H10-35-34-27-22-14-H8-15-16-23-30-29-13-12-H9-20-28-60-62-61-H5-52-36-44-21-H4-45-37-55-56-47-H1
Coordenadas dos Vertices da Solução: (-0.5,0)(-1,-1)(-3,-1)(-5,1)(-3,1)(-1,7)(-1,5)(-5,5)(-3,5)(-3,7)(-3,5)(-5,7)(-5,-3)(-7,-3)(-5,-1)(-7,-1)(-7,1)(-5,-1)(-3,-3)(-3,-5)(-7,-5)(-7,-7)(-3,-7)(-5,-7)(-3,-7)(5,-7)(5,-3)(5,-5)(7,-3)(3,-7)(-1,-7)(1,-7)(-5,-5)(-1,-5)(1,-5)(-1,-5)(3,-1)(3,1)(1,-1)(0.5,0)
__________________________________
Número da Execução: 9
Custo da Solução: 121.362
Score da Solução: 685
Qualidade da Solução: 563.638
Tempo Gasto: 5985
Vertices da Solução: H0-39-31-24-32-46-45-53-H4-51-35-43-H10-26-34-19-27-16-H8-15-23-14-65-H6-29-36-28-H4-44-37-55-47-48-H1
Coordenadas dos Vertices da Solução: (-0.5,0)(-1,-1)(-3,-1)(-5,1)(-3,1)(1,-3)(1,-5)(3,-5)(-1,-5)(1,7)(-3,7)(-1,7)(-3,5)(-5,5)(-3,5)(-7,7)(-5,7)(-7,1)(-5,-1)(-7,-1)(-5,-1)(-7,-3)(5,3)(7,3)(-3,-5)(-1,-7)(-3,-7)(-1,-5)(1,-7)(-1,-5)(3,-1)(1,-1)(1,1)(0.5,0)
__________________________________
Número da Execução: 10
Custo da Solução: 122.023
Score da Solução: 615
Qualidade da Solução: 492.977
Tempo Gasto: 5045
Vertices da Solução: H0-39-31-40-32-41-24-33-H7-19-35-26-42-H10-43-34-27-30-H8-22-23-14-65-H6-25-17-18-H7-15-16-55-H1
Coordenadas dos Vertices da Solução: (-0.5,0)(-1,-1)(-3,-1)(-1,1)(-3,1)(-1,3)(-5,1)(-3,3)(-7,1)(-7,7)(-3,7)(-5,5)(-1,5)(-3,5)(-1,7)(-3,5)(-5,7)(-3,-3)(-5,-1)(-5,-3)(-5,-1)(-7,-3)(5,3)(7,3)(-5,3)(-7,3)(-7,5)(-7,1)(-7,-1)(-7,1)(3,-1)(0.5,0)
__________________________________
